Applications Graphics Acceleration Info:
Uptime: 166511 Realtime: 166511

** Graphics info for pid 3061 [com.carenow.demo] **

Stats since: 157643250533ns
Total frames rendered: 231
Janky frames: 31 (13.42%)
Janky frames (legacy): 114 (49.35%)
50th percentile: 23ms
90th percentile: 36ms
95th percentile: 65ms
99th percentile: 97ms
Number Missed Vsync: 11
Number High input latency: 372
Number Slow UI thread: 14
Number Slow bitmap uploads: 0
Number Slow issue draw commands: 26
Number Frame deadline missed: 31
Number Frame deadline missed (legacy): 24
HISTOGRAM: 5ms=0 6ms=0 7ms=0 8ms=0 9ms=0 10ms=0 11ms=0 12ms=0 13ms=0 14ms=1 15ms=0 16ms=8 17ms=9 18ms=2 19ms=0 20ms=0 21ms=10 22ms=83 23ms=51 24ms=16 25ms=4 26ms=1 27ms=4 28ms=2 29ms=2 30ms=2 31ms=2 32ms=3 34ms=2 36ms=7 38ms=1 40ms=0 42ms=1 44ms=1 46ms=2 48ms=0 53ms=0 57ms=0 61ms=4 65ms=3 69ms=4 73ms=0 77ms=0 81ms=0 85ms=1 89ms=1 93ms=1 97ms=1 101ms=0 105ms=0 109ms=1 113ms=0 117ms=0 121ms=0 125ms=0 129ms=0 133ms=0 150ms=1 200ms=0 250ms=0 300ms=0 350ms=0 400ms=0 450ms=0 500ms=0 550ms=0 600ms=0 650ms=0 700ms=0 750ms=0 800ms=0 850ms=0 900ms=0 950ms=0 1000ms=0 1050ms=0 1100ms=0 1150ms=0 1200ms=0 1250ms=0 1300ms=0 1350ms=0 1400ms=0 1450ms=0 1500ms=0 1550ms=0 1600ms=0 1650ms=0 1700ms=0 1750ms=0 1800ms=0 1850ms=0 1900ms=0 1950ms=0 2000ms=0 2050ms=0 2100ms=0 2150ms=0 2200ms=0 2250ms=0 2300ms=0 2350ms=0 2400ms=0 2450ms=0 2500ms=0 2550ms=0 2600ms=0 2650ms=0 2700ms=0 2750ms=0 2800ms=0 2850ms=0 2900ms=0 2950ms=0 3000ms=0 3050ms=0 3100ms=0 3150ms=0 3200ms=0 3250ms=0 3300ms=0 3350ms=0 3400ms=0 3450ms=0 3500ms=0 3550ms=0 3600ms=0 3650ms=0 3700ms=0 3750ms=0 3800ms=0 3850ms=0 3900ms=0 3950ms=0 4000ms=0 4050ms=0 4100ms=0 4150ms=0 4200ms=0 4250ms=0 4300ms=0 4350ms=0 4400ms=0 4450ms=0 4500ms=0 4550ms=0 4600ms=0 4650ms=0 4700ms=0 4750ms=0 4800ms=0 4850ms=0 4900ms=0 4950ms=0
50th gpu percentile: 17ms
90th gpu percentile: 25ms
95th gpu percentile: 4950ms
99th gpu percentile: 4950ms
GPU HISTOGRAM: 1ms=0 2ms=0 3ms=0 4ms=0 5ms=2 6ms=1 7ms=1 8ms=0 9ms=4 10ms=2 11ms=4 12ms=7 13ms=3 14ms=5 15ms=3 16ms=18 17ms=73 18ms=62 19ms=10 20ms=3 21ms=4 22ms=2 23ms=1 24ms=2 25ms=1 4950ms=23

Pipeline=Skia (OpenGL)
Memory policy:
  Max surface area: 2592000
  Max resource usage: 124.42MB (x48)
  Background retention: 50% (altUiHidden = true)
  GPU Context timeout: 10
Contexts: 1 (stopped = 0)
CPU Caches:
  Glyph Cache: 466.45 KB (1 entry)
  Glyph Count: 101 
Total CPU memory usage:
  477640 bytes, 466.45 KB (0.00 bytes is purgeable)
GPU Caches:
  Other:
    Other: 15.84 KB (1 entry)
    Buffer Object: 2.05 KB (2 entries)
  Image:
    Texture: 2.63 MB (158 entries)
  Scratch:
    RenderTarget: 98.22 MB (63 entries)
    Texture: 2.04 MB (6 entries)
    Buffer Object: 206.03 KB (7 entries)
Total GPU memory usage:
  108114672 bytes, 103.11 MB (11.84 MB is purgeable)

GraphicBufferAllocator buffers:
        Handle |        Size |     W (Stride) x H | Layers |   Format |      Usage | Requestor
0xb40000736a1d5610 |     unknown | 1080 (   0) x 2400 |      1 |        1 | 0x     b00 | VRI[MainActivity]#0(BLAST Consumer)0
0xb40000736a1d6420 |     unknown | 1080 (   0) x 2400 |      1 |        1 | 0x     b00 | VRI[MainActivity]#0(BLAST Consumer)0
0xb40000736a1d8ee0 |     unknown | 1080 (   0) x 2400 |      1 |        1 | 0x     b00 | VRI[MainActivity]#0(BLAST Consumer)0
Total allocated by GraphicBufferAllocator (estimate): 0.00 KB
GoldfishAllocator::dumpDebugInfo is not implemented
Profile data in ms:

	com.carenow.demo/com.carenow.demo.MainActivity/android.view.ViewRootImpl@510b66 (visibility=0)
Window: com.carenow.demo/com.carenow.demo.MainActivity
Stats since: 157643250325ns
Total frames rendered: 231
Janky frames: 31 (13.42%)
Janky frames (legacy): 114 (49.35%)
50th percentile: 23ms
90th percentile: 36ms
95th percentile: 65ms
99th percentile: 97ms
Number Missed Vsync: 11
Number High input latency: 372
Number Slow UI thread: 14
Number Slow bitmap uploads: 0
Number Slow issue draw commands: 26
Number Frame deadline missed: 31
Number Frame deadline missed (legacy): 24
HISTOGRAM: 5ms=0 6ms=0 7ms=0 8ms=0 9ms=0 10ms=0 11ms=0 12ms=0 13ms=0 14ms=1 15ms=0 16ms=8 17ms=9 18ms=2 19ms=0 20ms=0 21ms=10 22ms=83 23ms=51 24ms=16 25ms=4 26ms=1 27ms=4 28ms=2 29ms=2 30ms=2 31ms=2 32ms=3 34ms=2 36ms=7 38ms=1 40ms=0 42ms=1 44ms=1 46ms=2 48ms=0 53ms=0 57ms=0 61ms=4 65ms=3 69ms=4 73ms=0 77ms=0 81ms=0 85ms=1 89ms=1 93ms=1 97ms=1 101ms=0 105ms=0 109ms=1 113ms=0 117ms=0 121ms=0 125ms=0 129ms=0 133ms=0 150ms=1 200ms=0 250ms=0 300ms=0 350ms=0 400ms=0 450ms=0 500ms=0 550ms=0 600ms=0 650ms=0 700ms=0 750ms=0 800ms=0 850ms=0 900ms=0 950ms=0 1000ms=0 1050ms=0 1100ms=0 1150ms=0 1200ms=0 1250ms=0 1300ms=0 1350ms=0 1400ms=0 1450ms=0 1500ms=0 1550ms=0 1600ms=0 1650ms=0 1700ms=0 1750ms=0 1800ms=0 1850ms=0 1900ms=0 1950ms=0 2000ms=0 2050ms=0 2100ms=0 2150ms=0 2200ms=0 2250ms=0 2300ms=0 2350ms=0 2400ms=0 2450ms=0 2500ms=0 2550ms=0 2600ms=0 2650ms=0 2700ms=0 2750ms=0 2800ms=0 2850ms=0 2900ms=0 2950ms=0 3000ms=0 3050ms=0 3100ms=0 3150ms=0 3200ms=0 3250ms=0 3300ms=0 3350ms=0 3400ms=0 3450ms=0 3500ms=0 3550ms=0 3600ms=0 3650ms=0 3700ms=0 3750ms=0 3800ms=0 3850ms=0 3900ms=0 3950ms=0 4000ms=0 4050ms=0 4100ms=0 4150ms=0 4200ms=0 4250ms=0 4300ms=0 4350ms=0 4400ms=0 4450ms=0 4500ms=0 4550ms=0 4600ms=0 4650ms=0 4700ms=0 4750ms=0 4800ms=0 4850ms=0 4900ms=0 4950ms=0
50th gpu percentile: 17ms
90th gpu percentile: 25ms
95th gpu percentile: 4950ms
99th gpu percentile: 4950ms
GPU HISTOGRAM: 1ms=0 2ms=0 3ms=0 4ms=0 5ms=2 6ms=1 7ms=1 8ms=0 9ms=4 10ms=2 11ms=4 12ms=7 13ms=3 14ms=5 15ms=3 16ms=18 17ms=73 18ms=62 19ms=10 20ms=3 21ms=4 22ms=2 23ms=1 24ms=2 25ms=1 4950ms=23



---PROFILEDATA---
Flags,FrameTimelineVsyncId,IntendedVsync,Vsync,InputEventId,HandleInputStart,AnimationStart,PerformTraversalsStart,DrawStart,FrameDeadline,FrameInterval,FrameStartTime,SyncQueued,SyncStart,IssueDrawCommandsStart,SwapBuffers,FrameCompleted,DequeueBufferDuration,QueueBufferDuration,GpuCompleted,SwapBuffersCompleted,DisplayPresentTime,CommandSubmissionCompleted,
0,46364,161475130443,161475130443,0,161475634743,161475635118,161476229035,161476260910,161508463775,161475631951,16666666,161476290993,161476358160,161476483076,161480714368,161498232785,12296459,61916,161498232785,161493265660,0,161480714368,
0,46372,161491797109,161491797109,0,161492739826,161492740451,161493249285,161493279076,161525130441,161492736910,16666666,161493308618,161493364493,161493486243,161498002785,161513945743,11128334,62292,161513945743,161509389993,0,161498002785,
0,46380,161508463775,161508463775,0,161508877326,161508877826,161509355910,161509386910,161541797107,161508874618,16666666,161509414535,161509486326,161509589826,161513770076,161531237827,12157084,48500,161531237827,161526127993,0,161513770076,
0,46388,161525130441,161525130441,0,161525630535,161525630785,161526036785,161526066993,161558463773,161525629285,16666666,161526071952,161526154285,161526251160,161530971285,161547470660,11499542,85000,161547470660,161542765160,0,161530971285,
0,46396,161541797107,161541797107,0,161542271452,161542271743,161542688077,161542716535,161575130439,161542269410,16666666,161542721660,161542794368,161542895202,161547174118,161564063368,11937542,136084,161564063368,161559437785,0,161547174118,
0,46404,161558463773,161558463773,0,161558935577,161558935785,161559398952,161559426702,161591797105,161558933827,16666666,161559432410,161559466577,161559572160,161563791910,161580763743,12136042,118916,161580763743,161576229035,0,161563791910,
0,46412,161575130439,161575130439,0,161575614160,161575614327,161576071285,161576102410,161608463771,161575612368,16666666,161576108535,161576257702,161576361785,161580513993,161598951077,13046042,90875,161598951077,161593838410,0,161580513993,
0,46420,161591797105,161591797105,0,161593316077,161593316577,161593819452,161593853202,161625130437,161593312993,16666666,161593859160,161593925493,161594052035,161598683868,161614764368,10267375,100250,161614764368,161609264827,0,161598683868,
0,46428,161608463771,161608463771,0,161608701493,161608701743,161609177535,161609208743,161641797103,161608699077,16666666,161609214077,161609299910,161609423702,161614484118,161632676118,12699000,103542,161632676118,161627495577,0,161614484118,
0,46436,161625130437,161625130437,0,161627019368,161627019827,161627459910,161627489327,161658463769,161627017202,16666666,161627495243,161627526577,161627626827,161632386452,161647704910,10120542,105625,161647704910,161642826535,0,161632386452,
0,46444,161641797103,161641797103,0,161642315452,161642315702,161642741285,161642770535,161675130435,161642313660,16666666,161642777160,161642857577,161642961577,161647338368,161664692535,11888583,112583,161664692535,161659622160,0,161647338368,
0,46452,161658463769,161658463769,0,161659096077,161659096618,161659671035,161659704785,161691797101,161659092868,16666666,161659711452,161659778160,161659902160,161664451577,161681807452,12352834,67666,161681807452,161677079410,0,161664451577,
0,46460,161675130435,161675130435,0,161676493035,161676493452,161677005743,161677044118,161708463767,161676490618,16666666,161677050868,161677117952,161677246493,161681498035,161697731327,10898791,123042,161697731327,161692734285,0,161681498035,
0,46468,161691797101,161691797101,0,161692202118,161692202535,161692726077,161692764868,161725130433,161692199118,16666666,161692771493,161692832660,161692952077,161697406368,161713967743,11655500,116084,161713967743,161709414660,0,161697406368,
0,46476,161708463767,161708463767,0,161708803702,161708805035,161709317493,161709348035,161741797099,161708800160,16666666,161709353910,161709448952,161709613868,161713700327,161730984535,11943042,106916,161730984535,161725941660,0,161713700327,
0,46484,161725130433,161725130433,0,161725377035,161725377410,161725842952,161725872202,161758463765,161725374618,16666666,161725878368,161725973452,161726102660,161730614368,161748065160,12008750,130916,161748065160,161743026202,0,161730614368,
0,46492,161741797099,161741797099,0,161742311077,161742311452,161742817910,161742854785,161775130431,161742308493,16666666,161742860618,161743061410,161743186118,161747830118,161764039410,11358500,94875,161764039410,161759451910,0,161747830118,
0,46500,161758463765,161758463765,0,161758888660,161758888993,161759364077,161759397577,161791797097,161758886285,16666666,161759403743,161759483993,161759598077,161763749493,161780401493,11792417,129500,161780401493,161775855660,0,161763749493,
0,46508,161775130431,161775130431,0,161775365827,161775366368,161775799243,161775827952,161808463763,161775363743,16666666,161775833327,161775886118,161775987785,161780196868,161797582660,12303417,93833,161797582660,161792728910,0,161780196868,
0,46516,161791797097,161791797097,0,161792236160,161792236577,161792623285,161792650743,161825130429,161792234077,16666666,161792656118,161792754493,161792856493,161797353077,161814057952,11701334,80792,161814057952,161809305660,0,161797353077,
0,46524,161808463763,161808463763,0,161808836993,161808837243,161809243785,161809269493,161841797095,161808834910,16666666,161809274743,161809332493,161809428785,161813807785,161830381285,11718959,107625,161830381285,161825803660,0,161813807785,
0,46532,161825130429,161825130429,0,161825321577,161825321785,161825667327,161825689577,161858463761,161825320535,16666666,161825694118,161825825743,161825916327,161830156368,161847596910,12217458,88875,161847596910,161842624535,0,161830156368,
0,46540,161841797095,161841797095,0,161842174702,161842174993,161842595577,161842624285,161875130427,161842172577,16666666,161842629202,161842656785,161842753243,161847408118,161863799993,11619000,60458,161863799993,161859238660,0,161847408118,
0,46548,161858463761,161858463761,0,161858730618,161858730993,161859164577,161859193785,161891797093,161858728535,16666666,161859198868,161859264035,161859362660,161863528493,161880870410,12475167,119542,161880870410,161876301202,0,161863528493,
0,46556,161875130427,161875130427,0,161875649160,161875649535,161876140285,161876170493,161908463759,161875646577,16666666,161876176035,161876330035,161876435410,161880610952,161897659285,11892125,111708,161897659285,161892788160,0,161880610952,
0,46564,161891797093,161891797093,0,161892251118,161892251452,161892659285,161892686202,161925130425,161892249327,16666666,161892691118,161892814035,161892909618,161897408493,161913833785,11542334,91500,161913833785,161909226743,0,161897408493,
0,46572,161908463759,161908463759,0,161908775702,161908776118,161909193160,161909220577,161941797091,161908773660,16666666,161909225910,161909257118,161909360952,161913532702,161930283827,11992917,154209,161930283827,161925850702,0,161913532702,
0,46580,161925130425,161925130425,0,161925383452,161925383785,161925767910,161925791035,161958463757,161925382118,16666666,161925796035,161925876118,161925967618,161930062368,161948185702,12417666,73417,161948185702,161942728285,0,161930062368,
0,46588,161941797091,161941797091,0,161942253410,161942253743,161942673410,161942700452,161975130423,161942251493,16666666,161942706118,161942756368,161942859743,161947980452,161963955993,11240916,50958,161963955993,161959451327,0,161947980452,
0,46596,161958463757,161958463757,0,161958918368,161958918618,161959354868,161959385660,161991797089,161958916410,16666666,161959390827,161959475618,161959579743,161963703243,161981337702,12168458,94583,161981337702,161976199910,0,161963703243,
0,46604,161975130423,161975130423,0,161975530493,161975530868,161975941827,161975968160,162008463755,161975527243,16666666,161975973577,161976228160,161976329077,161981098660,161997386868,11280209,86209,161997386868,161992642827,0,161981098660,
0,46612,161991797089,161991797089,0,161992164868,161992165243,161992599785,161992626952,162025130421,161992162535,16666666,161992632535,161992670535,161992763827,161997143827,162014347493,11883458,83917,162014347493,162009298202,0,161997143827,
0,46620,162008463755,162008463755,0,162008797452,162008797868,162009189243,162009215702,162041797087,162008795785,16666666,162009220952,162009325160,162009426493,162014107952,162030531077,11575250,87167,162030531077,162025944035,0,162014107952,
0,46628,162025130421,162025130421,0,162025423202,162025423702,162025810577,162025835368,162058463753,162025421785,16666666,162025840285,162025967743,162026067743,162030297827,162048257077,11970291,85959,162048257077,162042524410,0,162030297827,
0,46636,162041797087,162041797087,0,162042096785,162042097202,162042468285,162042491660,162075130419,162042094535,16666666,162042496827,162042549702,162042644202,162047882702,162064246118,11221500,148166,162064246118,162059511910,0,162047882702,
0,46644,162058463753,162058463753,0,162058958618,162058958910,162059452660,162059485868,162091797085,162058955910,16666666,162059492160,162059545702,162059666035,162063979993,162080617410,12011209,100834,162080617410,162076281660,0,162063979993,
0,46652,162075130419,162075130419,0,162075580285,162075580535,162075966910,162075992493,162108463751,162075577702,16666666,162075997868,162076310493,162076407535,162080381660,162097514827,12301375,85708,162097514827,162092948702,0,162080381660,
0,46660,162091797085,162091797085,0,162092353702,162092354327,162092883868,162092923243,162125130417,162092350785,16666666,162092931077,162092990077,162093128243,162097208493,162114465535,11926584,127209,162114465535,162109474618,0,162097208493,
0,46668,162108463751,162108463751,0,162108825785,162108826285,162109416743,162109452535,162141797083,162108823160,16666666,162109458952,162109511410,162109646868,162114206077,162131158410,11700500,78125,162131158410,162126197243,0,162114206077,
0,46676,162125130417,162125130417,-821225146,162125647785,162125648118,162126144452,162126176660,162158463749,162125645535,16666666,162126197618,162126230368,162126345410,162130880952,162156137743,11700042,100333,162156137743,162142886993,0,162130880952,
0,46684,162141797083,162141797083,0,162142291160,162142291577,162147525868,162151424618,162175130415,162142289118,16666666,162153313952,162153410035,162154770827,162155569243,162169516160,5859209,235166,162169516160,162162027410,0,162155569243,
0,46692,162158463749,162158463749,0,162159039410,162159039743,162160238243,162160299952,162191797081,162159037410,16666666,162160745368,162162060243,162166749827,162169004743,162182328785,7291583,77250,162182328785,162176943785,0,162169004743,
0,46700,162175130415,162175130415,0,162175607993,162175608368,162176676452,162176719993,162208463747,162175605535,16666666,162176749660,162176995785,162177152577,162181979202,162199470993,11597542,88625,162199470993,162193983077,0,162181979202,
0,46708,162191797081,162191797081,0,162193158035,162193158368,162194160452,162194357493,162225130413,162193155827,16666666,162194385827,162194851702,162195023285,162199152368,162214855452,9722833,64041,162214855452,162209220160,0,162199152368,
0,46716,162208463747,162208463747,0,162208634118,162208634577,162210513952,162210568952,162241797079,162208631660,16666666,162210604868,162210638077,162210769827,162214526952,162232367619,11020458,94834,162232367619,162225918494,0,162214526952,
0,46724,162225130413,162225130413,0,162225371244,162225371619,162226193285,162226234077,162258463745,162225368702,16666666,162226261327,162226281827,162226384744,162231843577,162248457910,10548625,250458,162248457910,162242945327,0,162231843577,
0,46732,162241797079,162241797079,0,162242233202,162242233702,162242749160,162242787577,162275130411,162242230869,16666666,162242813369,162242971327,162243085744,162247878785,162275426119,11140250,174458,162275426119,162259624285,0,162247878785,
0,47006,162858463721,162858463721,-692572150,162859233660,162859234119,162867398702,162867585744,162875130387,162859225035,16666666,162868981910,162869071869,162870609494,162871130535,162876211660,1542,82417,162876211660,162871532869,0,162871130535,
0,47014,162875130387,162875130387,0,162875780785,162875781244,162876970494,162877487202,162908463719,162875772869,16666666,162877510744,162877624952,162877747952,162878279702,162897841660,14410750,71834,162897841660,162893015869,0,162878279702,
0,47022,162891797053,162891797053,0,162892171160,162892171619,162892679910,162892713160,162925130385,162892168827,16666666,162892741535,162893089535,162893214452,162897649910,162914378202,11693334,56125,162914378202,162909583910,0,162897649910,
0,47030,162908463719,162908463719,0,162908967869,162908968369,162909517160,162909551202,162941797051,162908965410,16666666,162909583744,162909625910,162909744660,162914153327,162931099577,11817000,53167,162931099577,162926227161,0,162914153327,
0,47038,162925130385,162925130385,0,162925756869,162925757244,162926276036,162926306744,162958463717,162925754827,16666666,162926334161,162926402827,162926521577,162930860702,162947806786,11898500,51041,162947806786,162943024244,0,162930860702,
0,47046,162941797051,162941797051,0,162942367119,162942367744,162942918577,162942948286,162975130383,162942364244,16666666,162942978202,162943058577,162943172744,162947593452,162964255077,11819833,58083,162964255077,162959651577,0,162947593452,
0,47054,162958463717,162958463717,0,162959190077,162959190494,162959720119,162959753411,162991797049,162959187869,16666666,162959782869,162959849911,162959987911,162964062494,162981465161,12277416,56458,162981465161,162976577494,0,162964062494,
0,47062,162975130383,162975130383,0,162975989244,162975989619,162976463452,162976494369,163008463715,162975987161,16666666,162976499494,162976613994,162976735577,162981249911,162998128744,11708667,57083,162998128744,162993202369,0,162981249911,
0,47070,162991797049,162991797049,0,162992714827,162992715411,162993309286,162993345702,163025130381,162992712036,16666666,162993352411,162993438661,162993715952,162997906119,163013891036,11163291,61250,163013891036,163009317619,0,162997906119,
0,47078,163008463715,163008463715,0,163008850119,163008850744,163009461161,163009491952,163041797047,163008847452,16666666,163009497619,163009561911,163009684786,163013637869,163030959494,12222583,94125,163030959494,163026141202,0,163013637869,
0,47086,163025130381,163025130381,0,163025626286,163025626619,163026055952,163026083619,163058463713,163025624119,16666666,163026088952,163026177452,163026296161,163030655077,163049927577,13965750,86000,163049927577,163044951911,0,163030655077,
0,47094,163041797047,163041797047,0,163044256786,163044257327,163044781411,163044817911,163075130379,163044254119,16666666,163044825077,163044986244,163045113536,163049593119,163067210577,10684625,125583,163067210577,163060664286,0,163049593119,
0,47102,163058463713,163058463713,0,163059818077,163059818661,163060675869,163060722494,163091797045,163059815036,16666666,163060731411,163060886702,163061115577,163066780869,163081825161,9136625,164375,163081825161,163076395869,0,163066780869,
0,47110,163075130379,163075130379,0,163075565869,163075566411,163076450952,163076493036,163108463711,163075562536,16666666,163076500661,163077651244,163077810327,163081528036,163098717119,12053917,123958,163098717119,163093910286,0,163081528036,
0,47118,163091797045,163091797045,0,163093346244,163093346786,163093891244,163093929869,163125130377,163093343452,16666666,163093936994,163094030452,163094156244,163098466452,163114282411,10686083,63041,163114282411,163109432661,0,163098466452,
0,47126,163108463711,163108463711,0,163108855827,163108856244,163109526369,163109558911,163141797043,163108853244,16666666,163109564661,163109641411,163109770661,163113889494,163130654286,11893708,118750,163130654286,163126203911,0,163113889494,
0,47134,163125130377,163125130377,0,163125685202,163125685661,163126240327,163126272327,163158463709,163125683036,16666666,163126277494,163126345119,163126456577,163130390536,163147726911,12530041,98000,163147726911,163143212827,0,163130390536,
0,47142,163141797043,163141797043,0,163142791411,163142791744,163143338244,163143367411,163175130375,163142788911,16666666,163143373077,163143437619,163143547661,163147467744,163165910869,13397291,102167,163165910869,163161153619,0,163147467744,
0,47150,163158463709,163158463709,0,163160637411,163160637869,163161213911,163161247036,163191797041,163160634827,16666666,163161253202,163161321827,163161442869,163165634786,163181670661,11037959,110250,163181670661,163176973702,0,163165634786,
0,47158,163175130375,163175130375,0,163176457869,163176458244,163177014952,163177044661,163208463707,163176455661,16666666,163177049119,163177114119,163177234827,163181412869,163197415369,11093333,91959,163197415369,163192789911,0,163181412869,
0,47166,163191797041,163191797041,0,163192421452,163192421827,163192998744,163193031077,163225130373,163192418911,16666666,163193036827,163193105952,163193225411,163197096119,163213916911,11892250,119958,163213916911,163209334702,0,163197096119,
0,47174,163208463707,163208463707,0,163208807036,163208807411,163209377494,163209407494,163241797039,163208805327,16666666,163209412952,163209477827,163209588994,163213666452,163230855994,12313208,90792,163230855994,163226255494,0,163213666452,
0,47182,163225130373,163225130373,0,163225793161,163225793577,163226311827,163226341494,163258463705,163225791077,16666666,163226346786,163226410994,163226524827,163230669869,163247454952,11880334,88750,163247454952,163242766661,0,163230669869,
0,47190,163241797039,163241797039,0,163242325036,163242325452,163242858077,163242887744,163275130371,163242322744,16666666,163242893494,163242969286,163243079577,163247205411,163264512077,12358709,86708,163264512077,163259839286,0,163247205411,
0,47198,163258463705,163258463705,0,163259406161,163259406494,163259911161,163259941536,163291797037,163259403661,16666666,163259947411,163260051744,163260213577,163264254869,163280738577,11636584,97208,163280738577,163276177619,0,163264254869,
0,47206,163275130371,163275130371,0,163275637786,163275638161,163276333119,163276362827,163308463703,163275635619,16666666,163276368661,163276435077,163276546286,163280517661,163298827161,12994792,68459,163298827161,163293757411,0,163280517661,
0,47214,163291797037,163291797037,0,163293305661,163293306036,163293770327,163293797827,163325130369,163293303994,16666666,163293803744,163293870869,163293974827,163298466952,163314746244,10657417,131375,163314746244,163309511369,0,163298466952,
0,47222,163308463703,163308463703,0,163309052161,163309052286,163309566369,163309593369,163341797035,163309050161,16666666,163309598619,163309670369,163309774994,163314522036,163331122911,11688333,81833,163331122911,163326467036,0,163314522036,
0,47230,163325130369,163325130369,0,163326032494,163326032869,163326602994,163326629577,163358463701,163326030786,16666666,163326634411,163326706661,163326804286,163330934161,163347329369,11755000,52333,163347329369,163342902536,0,163330934161,
0,47238,163341797035,163341797035,0,163342244911,163342245202,163342786827,163342817327,163375130367,163342242827,16666666,163342822744,163342930202,163343030952,163347139911,163364279077,12090625,50375,163364279077,163359449911,0,163347139911,
0,47246,163358463701,163358463701,0,163358964577,163358964994,163359530661,163359562911,163391797033,163358962077,16666666,163359569036,163359654786,163359780869,163363927702,163380687452,11871708,123250,163380687452,163376180411,0,163363927702,
0,47254,163375130367,163375130367,0,163375522869,163375523286,163376194119,163376227536,163408463699,163375521202,16666666,163376233827,163376312702,163376448619,163380403911,163398425494,12104833,108334,163398425494,163392825869,0,163380403911,
0,47262,163391797033,163391797033,0,163392148119,163392148577,163392681119,163392718244,163425130365,163392145452,16666666,163392725244,163392873452,163393030786,163398207161,163414145494,11014208,80792,163414145494,163409470744,0,163398207161,
0,47270,163408463699,163408463699,0,163408828202,163408828411,163409313119,163409347577,163441797031,163408826036,16666666,163409353244,163409501702,163409614827,163413875827,163430661119,11817000,102792,163430661119,163425987494,0,163413875827,
0,47278,163425130365,163425130365,0,163425463327,163425463702,163425914036,163425944202,163458463697,163425461077,16666666,163425950036,163426019786,163426125661,163430365661,163447611286,12256750,104083,163447611286,163442945911,0,163430365661,
0,47286,163441797031,163441797031,0,163442364411,163442364744,163442941869,163442979411,163475130363,163442362327,16666666,163442986869,163443055119,163443183202,163447348452,163464057827,11711791,72542,163464057827,163459356202,0,163447348452,
0,47294,163458463697,163458463697,0,163458759952,163458760286,163459246911,163459282577,163491797029,163458757452,16666666,163459288786,163459392494,163459509411,163463830369,163481470036,12867750,72917,163481470036,163476959202,0,163463830369,
0,47302,163475130363,163475130363,0,163476242827,163476243244,163476703119,163476738661,163508463695,163476241244,16666666,163476745577,163476998661,163477197327,163481243661,163497832077,11340458,52167,163497832077,163492834494,0,163481243661,
0,47310,163491797029,163491797029,0,163492215119,163492215494,163492676952,163492708827,163525130361,163492212869,16666666,163492715036,163492870161,163492979369,163497639119,163514333244,12018292,50750,163514333244,163509875327,0,163497639119,
0,47318,163508463695,163508463695,0,163509391077,163509391369,163509781327,163509811369,163541797027,163509389161,16666666,163509817202,163509906119,163510011202,163514173369,163530555619,11681417,54458,163530555619,163526041369,0,163514173369,
0,47326,163525130361,163525130361,0,163525560994,163525561286,163525878411,163525902369,163558463693,163525559119,16666666,163525907161,163526073036,163526170994,163530362369,163548721494,12804708,52459,163548721494,163543385286,0,163530362369,
0,47334,163541797027,163541797027,0,163542841786,163542842286,163543231327,163543260869,163575130359,163542839911,16666666,163543267327,163543412869,163543509036,163548382911,163564587411,10890500,130167,163564587411,163559642161,0,163548382911,
0,47342,163558463693,163558463693,0,163558979744,163558980161,163559356119,163559389994,163591797025,163558976994,16666666,163559396494,163559681077,163559804786,163564207369,163580947119,11798459,55208,163580947119,163576411702,0,163564207369,
0,47350,163575130359,163575130359,-172191105,163575575036,163575575452,163575977077,163576149786,163608463691,163575573119,16666666,163576171577,163576444952,163576559577,163580707702,163603839536,12014875,57709,163603839536,163592993119,0,163580707702,
0,47358,163591797025,163591797025,0,163592323911,163592324411,163597304077,163600432952,163625130357,163592321452,16666666,163601902452,163601993452,163602983369,163603566744,163615447036,6594833,73583,163615447036,163610462994,0,163603566744,
0,47366,163608463691,163608463691,0,163609370952,163609371411,163610454994,163610527452,163641797023,163609368744,16666666,163610987536,163611136744,163611721994,163614954286,163631627411,14339375,204209,163631627411,163629821203,0,163614954286,
0,47374,163625130357,163625130357,0,163625412786,163625413286,163626196661,163628120953,163658463689,163625410453,16666666,163628150661,163629856161,163629980578,163631325203,163650257619,12604208,64917,163650257619,163644255411,0,163631325203,
0,47382,163641797023,163641797023,0,163642501286,163642501578,163643342411,163643539786,163675130355,163642499453,16666666,163643568619,163644286244,163644391453,163649955078,163665078453,9080708,49542,163665078453,163659368619,0,163649955078,
0,47390,163658463689,163658463689,0,163658657328,163658657744,163659380203,163659421161,163691797021,163658654994,16666666,163659448286,163659549828,163659667911,163664738453,163682106911,10905125,59417,163682106911,163676037911,0,163664738453,
0,47398,163675130355,163675130355,0,163675338244,163675338703,163676091286,163676135328,163708463687,163675335744,16666666,163676164036,163676224619,163676351869,163681767494,163706523661,14238625,58500,163706523661,163696392453,0,163681767494,
0,47406,163691797021,163691797021,0,163692552661,163692553244,163693756911,163693820453,163725130353,163692549328,16666666,163693862828,163697067911,163697276119,163704417786,163725380994,7708041,59250,163725380994,163714280953,0,163704417786,
0,47688,164325130329,164325130329,-167953187,164325399286,164325399578,164333262745,164333420745,164341796995,164325398203,16666666,164334726995,164334803161,164335694745,164336263745,164342331703,1458,73666,164342331703,164336635453,0,164336263745,
0,47696,164341796995,164341796995,0,164342399911,164342400203,164342608828,164343135328,164375130327,164342398245,16666666,164343160953,164343247411,164343356578,164348629703,164358887203,1250,69750,164358887203,164348978536,0,164348629703,
0,47704,164358463661,164358463661,0,164359055036,164359055536,164359437661,164359477620,164391796993,164359051620,16666666,164359507703,164359622161,164359742370,164364481453,164375643745,1417,57125,164375643745,164364729661,0,164364481453,
0,47712,164375130327,164375130327,0,164375662995,164375663453,164375825745,164375857536,164408463659,164375660953,16666666,164375884245,164375971495,164376125411,164381132745,164392145161,1375,84042,164392145161,164381440578,0,164381132745,
0,47720,164391796993,164391796993,0,164392178536,164392178870,164392434703,164392471120,164425130325,164392176745,16666666,164392499411,164392632828,164392745203,164397387828,164408881995,917,53083,164408881995,164397620245,0,164397387828,
0,47728,164408463659,164408463659,0,164409003036,164409003411,164409138245,164409175370,164441796991,164409001120,16666666,164409205870,164409323703,164409441911,164413902870,164425622870,1250,100125,164425622870,164414177245,0,164413902870,
0,47736,164425130325,164425130325,0,164425648203,164425648578,164425814536,164425853120,164458463657,164425646411,16666666,164425881036,164425947536,164426070828,164430632286,164442235036,1000,91417,164442235036,164430902328,0,164430632286,
0,47996,165041796967,165041796967,-112991676,165042191370,165042191662,165042556620,165042592120,165058463633,165042190370,16666666,165042610162,165042700787,165042849245,165043388620,165059040828,1500,86708,165059040828,165043840662,0,165043388620,
0,48011,165075130299,165075130299,0,165075348953,165075349328,165079497912,165080444787,165091796965,165075347412,16666666,165081895828,165082035912,165083016037,165084378537,165092392620,1250,84000,165092392620,165084734245,0,165084378537,
0,48019,165091796965,165091796965,0,165092357620,165092358120,165093123120,165093333495,165125130297,165092354745,16666666,165093858953,165094220078,165095050245,165100666203,165108747495,1500,59667,165108747495,165101483745,0,165100666203,
0,48027,165108463631,165108463631,0,165109090162,165109090662,165111577453,165111868245,165141796963,165109087578,16666666,165111908245,165111959828,165112141745,165114406787,165125353078,1333,59333,165125353078,165114747995,0,165114406787,
0,48035,165125130297,165125130297,0,165125403537,165125403828,165129598120,165129647412,165158463629,165125401328,16666666,165129693578,165129728537,165129925162,165133421370,165142101578,792,69333,165142101578,165133742162,0,165133421370,
0,48043,165141796963,165141796963,0,165142157912,165142158328,165143037995,165143077662,165175130295,165142155537,16666666,165143105537,165145811620,165146077912,165149274745,165158666912,1584,82708,165158666912,165150481995,0,165149274745,
0,48051,165158463629,165158463629,0,165158716453,165158716828,165159778328,165159819995,165191796961,165158714370,16666666,165159848620,165159933662,165160463995,165166311953,165175469912,916,75792,165175469912,165166911620,0,165166311953,
0,48059,165175130295,165175130295,0,165175564412,165175564620,165175762203,165175816453,165208463627,165175562203,16666666,165175848162,165175919245,165176100745,165181654578,165191992870,792,140291,165191992870,165182087662,0,165181654578,
0,48334,165791796937,165791796937,-36235736,165792699954,165792700454,165801474662,165801642912,165808463603,165792696745,16666666,165803138704,165803223120,165804685745,165805230620,165809943329,2250,120000,165809943329,165805820329,0,165805230620,
0,48342,165808463603,165808463603,0,165809652412,165809652870,165809841245,165810347745,165841796935,165809650204,16666666,165810384954,165810493245,165810639620,165811099787,165831954537,15036833,70917,165831954537,165826478454,0,165811099787,
0,48350,165825130269,165825130269,0,165825620454,165825621037,165825777829,165825815537,165858463601,165825617537,16666666,165825846412,165826524287,165826660412,165831718620,165848157579,11226417,69708,165848157579,165843218745,0,165831718620,
0,48358,165841796935,165841796935,0,165842340829,165842341162,165842579204,165842620037,165875130267,165842338454,16666666,165842657912,165843264037,165843694829,165847855037,165864324620,11339333,59542,165864324620,165859524954,0,165847855037,
0,48366,165858463601,165858463601,0,165858923662,165858924287,165859070912,165859110870,165891796933,165858921370,16666666,165859145995,165859561454,165859674454,165864115579,165880607162,11567542,51167,165880607162,165875922912,0,165864115579,
0,48374,165875130267,165875130267,0,165875383620,165875383870,165875510287,165875543537,165908463599,165875381787,16666666,165875570454,165875955370,165876110204,165880402162,165897630037,12196625,51375,165897630037,165892834454,0,165880402162,
0,48382,165891796933,165891796933,0,165892280745,165892281037,165892415620,165892449745,165925130265,165892278829,16666666,165892475245,165892866537,165892970579,165897424329,165925655620,12193125,55625,165925655620,165909850829,0,165897424329,
---PROFILEDATA---


View hierarchy:

  com.carenow.demo/com.carenow.demo.MainActivity/android.view.ViewRootImpl@510b66
  252 views, 488.42 kB of render nodes


Total ViewRootImpl   : 1
Total attached Views : 252
Total RenderNode     : 488.42 kB (used) / 1629.96 kB (capacity)

