Applications Graphics Acceleration Info:
Uptime: 3352199 Realtime: 3352199

** Graphics info for pid 6013 [com.carenow.demo] **

Stats since: 3344781858178ns
Total frames rendered: 178
Janky frames: 63 (35.39%)
Janky frames (legacy): 163 (91.57%)
50th percentile: 36ms
90th percentile: 121ms
95th percentile: 150ms
99th percentile: 150ms
Number Missed Vsync: 29
Number High input latency: 222
Number Slow UI thread: 27
Number Slow bitmap uploads: 0
Number Slow issue draw commands: 60
Number Frame deadline missed: 63
Number Frame deadline missed (legacy): 58
HISTOGRAM: 5ms=0 6ms=0 7ms=0 8ms=0 9ms=0 10ms=0 11ms=0 12ms=0 13ms=0 14ms=0 15ms=1 16ms=2 17ms=6 18ms=0 19ms=1 20ms=1 21ms=1 22ms=0 23ms=0 24ms=2 25ms=3 26ms=5 27ms=12 28ms=11 29ms=9 30ms=7 31ms=6 32ms=7 34ms=12 36ms=4 38ms=5 40ms=5 42ms=10 44ms=2 46ms=3 48ms=7 53ms=5 57ms=2 61ms=2 65ms=3 69ms=1 73ms=3 77ms=3 81ms=3 85ms=2 89ms=2 93ms=0 97ms=2 101ms=3 105ms=1 109ms=2 113ms=0 117ms=3 121ms=4 125ms=3 129ms=2 133ms=1 150ms=9 200ms=0 250ms=0 300ms=0 350ms=0 400ms=0 450ms=0 500ms=0 550ms=0 600ms=0 650ms=0 700ms=0 750ms=0 800ms=0 850ms=0 900ms=0 950ms=0 1000ms=0 1050ms=0 1100ms=0 1150ms=0 1200ms=0 1250ms=0 1300ms=0 1350ms=0 1400ms=0 1450ms=0 1500ms=0 1550ms=0 1600ms=0 1650ms=0 1700ms=0 1750ms=0 1800ms=0 1850ms=0 1900ms=0 1950ms=0 2000ms=0 2050ms=0 2100ms=0 2150ms=0 2200ms=0 2250ms=0 2300ms=0 2350ms=0 2400ms=0 2450ms=0 2500ms=0 2550ms=0 2600ms=0 2650ms=0 2700ms=0 2750ms=0 2800ms=0 2850ms=0 2900ms=0 2950ms=0 3000ms=0 3050ms=0 3100ms=0 3150ms=0 3200ms=0 3250ms=0 3300ms=0 3350ms=0 3400ms=0 3450ms=0 3500ms=0 3550ms=0 3600ms=0 3650ms=0 3700ms=0 3750ms=0 3800ms=0 3850ms=0 3900ms=0 3950ms=0 4000ms=0 4050ms=0 4100ms=0 4150ms=0 4200ms=0 4250ms=0 4300ms=0 4350ms=0 4400ms=0 4450ms=0 4500ms=0 4550ms=0 4600ms=0 4650ms=0 4700ms=0 4750ms=0 4800ms=0 4850ms=0 4900ms=0 4950ms=0
50th gpu percentile: 19ms
90th gpu percentile: 4950ms
95th gpu percentile: 4950ms
99th gpu percentile: 4950ms
GPU HISTOGRAM: 1ms=0 2ms=0 3ms=0 4ms=0 5ms=0 6ms=1 7ms=6 8ms=4 9ms=3 10ms=0 11ms=0 12ms=0 13ms=1 14ms=1 15ms=6 16ms=10 17ms=29 18ms=26 19ms=9 20ms=9 21ms=10 22ms=8 23ms=5 24ms=5 25ms=4 4950ms=41

Pipeline=Skia (OpenGL)
Memory policy:
  Max surface area: 2592000
  Max resource usage: 124.42MB (x48)
  Background retention: 50% (altUiHidden = true)
  GPU Context timeout: 10
Contexts: 1 (stopped = 0)
CPU Caches:
  Glyph Cache: 1.69 MB (1 entry)
  Glyph Count: 199 
Total CPU memory usage:
  1772696 bytes, 1.69 MB (0.00 bytes is purgeable)
GPU Caches:
  Other:
    Other: 162.19 KB (1 entry)
    Buffer Object: 2.05 KB (2 entries)
  Image:
    Texture: 687.83 KB (39 entries)
  Scratch:
    Buffer Object: 174.03 KB (6 entries)
    Texture: 2.00 MB (2 entries)
    RenderTarget: 105.88 MB (57 entries)
Total GPU memory usage:
  114165968 bytes, 108.88 MB (3.61 MB is purgeable)

GraphicBufferAllocator buffers:
        Handle |        Size |     W (Stride) x H | Layers |   Format |      Usage | Requestor
0xb40000736a1da950 |     unknown | 1080 (   0) x 2400 |      1 |        1 | 0x     b00 | VRI[MainActivity]#0(BLAST Consumer)0
0xb40000736a1dcd50 |     unknown | 1080 (   0) x 2400 |      1 |        1 | 0x     b00 | VRI[MainActivity]#0(BLAST Consumer)0
0xb40000736a1ddda0 |     unknown | 1080 (   0) x 2400 |      1 |        1 | 0x     b00 | VRI[MainActivity]#0(BLAST Consumer)0
0xb40000736a2313e0 |     unknown | 1080 (   0) x 1891 |      1 |        2 | 0x     b00 | SurfaceView[com.carenow.demo/com.carenow.demo.MainActivity]#1(BLAST Consumer)1
0xb40000736a5e3550 |     unknown | 1080 (   0) x 1891 |      1 |        2 | 0x     b00 | SurfaceView[com.carenow.demo/com.carenow.demo.MainActivity]#1(BLAST Consumer)1
0xb40000736a5fc270 |     unknown | 1080 (   0) x 1891 |      1 |        2 | 0x     b00 | SurfaceView[com.carenow.demo/com.carenow.demo.MainActivity]#1(BLAST Consumer)1
Total allocated by GraphicBufferAllocator (estimate): 0.00 KB
GoldfishAllocator::dumpDebugInfo is not implemented
Profile data in ms:

	com.carenow.demo/com.carenow.demo.MainActivity/android.view.ViewRootImpl@ff8b3d8 (visibility=0)
Window: com.carenow.demo/com.carenow.demo.MainActivity
Stats since: 3344781857469ns
Total frames rendered: 178
Janky frames: 63 (35.39%)
Janky frames (legacy): 163 (91.57%)
50th percentile: 36ms
90th percentile: 121ms
95th percentile: 150ms
99th percentile: 150ms
Number Missed Vsync: 29
Number High input latency: 222
Number Slow UI thread: 27
Number Slow bitmap uploads: 0
Number Slow issue draw commands: 60
Number Frame deadline missed: 63
Number Frame deadline missed (legacy): 58
HISTOGRAM: 5ms=0 6ms=0 7ms=0 8ms=0 9ms=0 10ms=0 11ms=0 12ms=0 13ms=0 14ms=0 15ms=1 16ms=2 17ms=6 18ms=0 19ms=1 20ms=1 21ms=1 22ms=0 23ms=0 24ms=2 25ms=3 26ms=5 27ms=12 28ms=11 29ms=9 30ms=7 31ms=6 32ms=7 34ms=12 36ms=4 38ms=5 40ms=5 42ms=10 44ms=2 46ms=3 48ms=7 53ms=5 57ms=2 61ms=2 65ms=3 69ms=1 73ms=3 77ms=3 81ms=3 85ms=2 89ms=2 93ms=0 97ms=2 101ms=3 105ms=1 109ms=2 113ms=0 117ms=3 121ms=4 125ms=3 129ms=2 133ms=1 150ms=9 200ms=0 250ms=0 300ms=0 350ms=0 400ms=0 450ms=0 500ms=0 550ms=0 600ms=0 650ms=0 700ms=0 750ms=0 800ms=0 850ms=0 900ms=0 950ms=0 1000ms=0 1050ms=0 1100ms=0 1150ms=0 1200ms=0 1250ms=0 1300ms=0 1350ms=0 1400ms=0 1450ms=0 1500ms=0 1550ms=0 1600ms=0 1650ms=0 1700ms=0 1750ms=0 1800ms=0 1850ms=0 1900ms=0 1950ms=0 2000ms=0 2050ms=0 2100ms=0 2150ms=0 2200ms=0 2250ms=0 2300ms=0 2350ms=0 2400ms=0 2450ms=0 2500ms=0 2550ms=0 2600ms=0 2650ms=0 2700ms=0 2750ms=0 2800ms=0 2850ms=0 2900ms=0 2950ms=0 3000ms=0 3050ms=0 3100ms=0 3150ms=0 3200ms=0 3250ms=0 3300ms=0 3350ms=0 3400ms=0 3450ms=0 3500ms=0 3550ms=0 3600ms=0 3650ms=0 3700ms=0 3750ms=0 3800ms=0 3850ms=0 3900ms=0 3950ms=0 4000ms=0 4050ms=0 4100ms=0 4150ms=0 4200ms=0 4250ms=0 4300ms=0 4350ms=0 4400ms=0 4450ms=0 4500ms=0 4550ms=0 4600ms=0 4650ms=0 4700ms=0 4750ms=0 4800ms=0 4850ms=0 4900ms=0 4950ms=0
50th gpu percentile: 19ms
90th gpu percentile: 4950ms
95th gpu percentile: 4950ms
99th gpu percentile: 4950ms
GPU HISTOGRAM: 1ms=0 2ms=0 3ms=0 4ms=0 5ms=0 6ms=1 7ms=6 8ms=4 9ms=3 10ms=0 11ms=0 12ms=0 13ms=1 14ms=1 15ms=6 16ms=10 17ms=29 18ms=26 19ms=9 20ms=9 21ms=10 22ms=8 23ms=5 24ms=5 25ms=4 4950ms=41



---PROFILEDATA---
Flags,FrameTimelineVsyncId,IntendedVsync,Vsync,InputEventId,HandleInputStart,AnimationStart,PerformTraversalsStart,DrawStart,FrameDeadline,FrameInterval,FrameStartTime,SyncQueued,SyncStart,IssueDrawCommandsStart,SwapBuffers,FrameCompleted,DequeueBufferDuration,QueueBufferDuration,GpuCompleted,SwapBuffersCompleted,DisplayPresentTime,CommandSubmissionCompleted,
0,1393460,3346958336357,3346958336357,0,3346966017262,3346966017429,3346966513262,3346966570679,3347025003021,3346966016179,16666666,3346966576595,3346980363762,3346980629137,3346987752679,3347003256554,6297459,161000,3347003256554,3346994958762,0,3346987752679,
0,1393468,3346975003023,3346975003023,0,3346980963137,3346980963262,3346982022595,3346982099429,3347041669687,3346980961929,16666666,3346982104179,3346995251804,3346995966012,3347002595720,3347018240095,7093291,138750,3347018240095,3347010402304,0,3347002595720,
0,1393476,3346991669689,3346991669689,0,3346996343762,3346996343845,3346996839845,3346996889054,3347058336353,3346996342929,16666666,3346996893095,3347010484970,3347010842720,3347017894804,3347034523762,8262083,87833,3347034523762,3347026542762,0,3347017894804,
0,1393484,3347008336355,3347008336355,0,3347011467387,3347011467679,3347012324095,3347012392887,3347075003019,3347011465887,16666666,3347012398429,3347026637179,3347026866929,3347034073637,3347050406845,8067541,100250,3347050406845,3347042636512,0,3347034073637,
0,1393492,3347025003021,3347025003021,0,3347027146804,3347027147012,3347027839679,3347027914095,3347091669685,3347027145887,16666666,3347027921304,3347042742637,3347043155845,3347049915179,3347068224179,8937667,128708,3347068224179,3347059553345,0,3347049915179,
0,1393500,3347041669687,3347041669687,0,3347043361679,3347043361845,3347044303345,3347044365262,3347108336351,3347043360637,16666666,3347044369929,3347059633095,3347059834887,3347067839304,3347084989970,8576084,96166,3347084989970,3347076851804,0,3347067839304,
0,1393508,3347058336353,3347058336353,0,3347060214387,3347060214679,3347060822845,3347060886679,3347125003017,3347060213304,16666666,3347060891262,3347077075137,3347077513137,3347084739054,3347103107887,9108958,86125,3347103107887,3347094141345,0,3347084739054,
0,1393516,3347075003019,3347075003019,0,3347079237720,3347079237887,3347079938804,3347079998470,3347141669683,3347079236762,16666666,3347081625137,3347094220054,3347094442720,3347102578679,3347118760387,6964959,87583,3347118760387,3347110111637,0,3347102578679,
0,1393524,3347091669685,3347091669685,0,3347094717429,3347094717679,3347095376137,3347095440762,3347158336349,3347094716262,16666666,3347095445804,3347110181721,3347110609304,3347118399554,3347134596054,8073584,110500,3347134596054,3347126878554,0,3347118399554,
0,1393532,3347108336351,3347108336351,0,3347110858429,3347110858596,3347111442887,3347111513179,3347175003015,3347110857429,16666666,3347111518054,3347127022887,3347127476262,3347133917804,3347151664762,8916834,248708,3347151664762,3347143606304,0,3347133917804,
0,1393540,3347125003017,3347125003017,0,3347128494846,3347128495137,3347129121262,3347129181637,3347191669681,3347128492762,16666666,3347129186304,3347143921137,3347144312887,3347151229887,3347168716387,9196042,144625,3347168716387,3347160912971,0,3347151229887,
0,1393548,3347141669683,3347141669683,0,3347144496762,3347144496929,3347144977346,3347145033679,3347208336347,3347144495846,16666666,3347145038012,3347161008429,3347161289012,3347168337596,3347185493679,7841333,108458,3347185493679,3347176608846,0,3347168337596,
0,1393556,3347158336349,3347158336349,0,3347161814304,3347161814512,3347162342804,3347162407262,3347225003013,3347161813137,16666666,3347162412012,3347176694346,3347177125137,3347185135137,3347202871554,7448750,95125,3347202871554,3347192981346,0,3347185135137,
0,1393564,3347175003015,3347175003015,0,3347177500387,3347177500762,3347179435054,3347179494346,3347241669679,3347177499096,16666666,3347179499012,3347193059179,3347193296054,3347202504887,3347219363679,7150541,63292,3347219363679,3347210066429,0,3347202504887,
0,1393572,3347191669681,3347191669681,0,3347196408387,3347196408762,3347197145221,3347197210929,3347258336345,3347196406387,16666666,3347197216012,3347210251887,3347210530346,3347218769096,3347235897887,7052417,184959,3347235897887,3347226471387,0,3347218769096,
0,1393580,3347208336347,3347208336347,0,3347210728512,3347210728679,3347211324137,3347211399012,3347275003011,3347210727721,16666666,3347211404596,3347226573054,3347227027929,3347235142387,3347251298137,7862250,212417,3347251298137,3347243816179,0,3347235142387,
0,1393588,3347225003013,3347225003013,0,3347227235929,3347227236179,3347227871971,3347227934179,3347291669677,3347227234804,16666666,3347227938804,3347243913137,3347244419512,3347250965762,3347267725096,8313375,78958,3347267725096,3347259651387,0,3347250965762,
0,1393596,3347241669679,3347241669679,0,3347244822387,3347244822887,3347245872304,3347246162471,3347308336343,3347244820846,16666666,3347246167971,3347259738679,3347260398096,3347267066262,3347285028429,9840333,149542,3347285028429,3347277652096,0,3347267066262,
0,1393604,3347258336345,3347258336345,-1060878561,3347263203887,3347263204429,3347264311137,3347264768262,3347325003009,3347263200929,16666666,3347264922596,3347277731471,3347278030804,3347284586429,3347301573512,9255542,118542,3347301573512,3347294378971,0,3347284586429,
0,1393612,3347275003011,3347275003011,-247443801,3347279120429,3347279120721,3347279618137,3347279672429,3347341669675,3347279119012,16666666,3347279683887,3347294456221,3347294728012,3347301083179,3347318949929,8376333,109000,3347318949929,3347310006471,0,3347301083179,
0,1393620,3347291669677,3347291669677,0,3347294853971,3347294854054,3347295332054,3347295383179,3347358336341,3347294853096,16666666,3347295387012,3347310200679,3347310596554,3347318105596,3347334010054,7145500,465541,3347334010054,3347326175262,0,3347318105596,
0,1393628,3347308336343,3347308336343,0,3347311898012,3347311898429,3347313226262,3347313649221,3347375003007,3347311894929,16666666,3347313821096,3347326284387,3347326598679,3347333379137,3347358715762,10013084,254625,3347358715762,3347344158387,0,3347333379137,
0,1393701,3347475003003,3347475003003,0,3347475684346,3347475684804,3347476847637,3347476933221,3347491669669,3347475681471,16666666,3347476949887,3347477040346,3347477200679,3347477809971,3347491995096,1333,233208,3347491995096,3347478332179,0,3347477809971,
0,1394131,3348491669629,3348491669629,-812943991,3348492221513,3348492221971,3348497218138,3348497619555,3348508336295,3348492218721,16666666,3348499301263,3348499378930,3348500783846,3348503260638,3348509263138,2542,193875,3348509263138,3348503797971,0,3348503260638,
0,1394139,3348508336295,3348508336295,0,3348508814013,3348508814471,3348511526763,3348511910971,3348541669627,3348508811263,16666666,3348512074430,3348512227055,3348512547430,3348519369638,3348526155596,1500,121500,3348526155596,3348519873388,0,3348519369638,
0,1394147,3348525002961,3348525002961,0,3348525833930,3348525834430,3348527984138,3348528429555,3348558336293,3348525830596,16666666,3348528463846,3348528600680,3348528896388,3348536514013,3348542898096,1625,205917,3348542898096,3348537062846,0,3348536514013,
0,1394155,3348541669627,3348541669627,0,3348542331055,3348542331555,3348544173180,3348544674555,3348575002959,3348542327930,16666666,3348544725138,3348544910013,3348545187305,3348552680055,3348609667263,2292,372666,3348609667263,3348555672763,0,3348552680055,
0,1394163,3348558336293,3348558336293,0,3348558818763,3348558820055,3348559643513,3348559695555,3348641669623,3348558812346,16666666,3348559700096,3348559783180,3348560070221,3348620360305,3348638531138,1417,132750,3348638531138,3348621583430,0,3348620360305,
0,1394170,3348575002959,3348575002959,0,3348575493471,3348575493930,3348576212721,3348576284763,3348658336289,3348575490513,16666666,3348576289638,3348621649596,3348621844805,3348647499388,3348669958305,1542,141917,3348669958305,3348648060221,0,3348647499388,
0,1394177,3348591669625,3348608336291,0,3348621967430,3348621967513,3348622506680,3348622618013,3348691669621,3348621966305,16666666,3348622624388,3348648130846,3348648524055,3348680172596,3348716826721,1375,105125,3348716826721,3348680942430,0,3348680172596,
0,1394185,3348625002957,3348641669623,0,3348649122805,3348649123180,3348650420096,3348650810305,3348741669619,3348649120805,16666666,3348650840430,3348681020263,3348681297513,3348727126846,3348764530971,1250,86334,3348764530971,3348727641596,0,3348727126846,
0,1394193,3348658336289,3348675002955,0,3348681535138,3348681535346,3348682850430,3348683209388,3348791669617,3348681533721,16666666,3348683241096,3348727689930,3348727978680,3348774284096,3348813383513,2709,309250,3348813383513,3348775083888,0,3348774284096,
0,1394201,3348691669621,3348725002953,0,3348728175680,3348728175763,3348729264638,3348729573888,3348841669615,3348728174763,16666666,3348729600930,3348775168471,3348775548971,3348822790388,3348858668388,1667,136000,3348858668388,3348823537888,0,3348822790388,
0,1394209,3348741669619,3348775002951,0,3348775872930,3348775873180,3348777628138,3348778033513,3348891669613,3348775871763,16666666,3348778067805,3348823604013,3348824076471,3348868450388,3348906134930,1959,124125,3348906134930,3348869087263,0,3348868450388,
0,1394217,3348791669617,3348808336283,0,3348824733555,3348824733846,3348826888055,3348826968471,3348925002945,3348824732055,16666666,3348826978096,3348869191346,3348869410638,3348917357888,3348959820263,2667,158250,3348959820263,3348918265763,0,3348917357888,
0,1394225,3348841669615,3348858336281,0,3348869570138,3348869570221,3348870739513,3348870802055,3348991669609,3348869568930,16666666,3348870819263,3348918340721,3348918900513,3348970619971,3349016261846,1709,157792,3349016261846,3348971214388,0,3348970619971,
0,1394233,3348875002947,3348908336279,0,3348919323680,3348919324180,3348921073055,3348921167930,3349041669607,3348919321180,16666666,3348921180680,3348971536138,3348971982430,3349029027680,3349069696221,2667,317084,3349069696221,3349030359555,0,3349029027680,
0,1394241,3348925002945,3348958336277,0,3348972623388,3348972623596,3348974406555,3348974464388,3349091669605,3348972621805,16666666,3348974473680,3349030436221,3349031114055,3349080618180,3349121948763,1250,177166,3349121948763,3349081710971,0,3349080618180,
0,1394249,3348975002943,3349025002941,0,3349031756221,3349031756638,3349032934055,3349032989346,3349141669603,3349031754763,16666666,3349033000471,3349081802013,3349082229013,3349123962596,3349143996888,2834,169042,3349143996888,3349131812263,0,3349123962596,
0,1394257,3349041669607,3349075002939,-317398074,3349085188930,3349085189596,3349086892638,3349086948638,3349175002935,3349085185888,16666666,3349086958096,3349131900346,3349132418305,3349153297846,3349165449055,4667,1045583,3349165449055,3349154983680,0,3349153297846,
0,1394265,3349091669605,3349125002937,-848482342,3349134576930,3349134577305,3349135846555,3349135949596,3349191669601,3349134574638,16666666,3349136497805,3349155048888,3349155364013,3349175394305,3349189280138,3709,603750,3349189280138,3349177108721,0,3349175394305,
0,1394273,3349141669603,3349141669603,0,3349155567596,3349155567763,3349156472763,3349156530388,3349208336267,3349155566555,16666666,3349157024971,3349177194430,3349177483180,3349188824721,3349210191472,11991500,102334,3349210191472,3349201319930,0,3349188824721,
0,1394289,3349191669601,3349191669601,0,3349192560346,3349192561096,3349193431596,3349193496096,3349241669599,3349192556180,16666666,3349193500971,3349201409597,3349201842430,3349209549180,3349230966263,11711000,121708,3349230966263,3349221949763,0,3349209549180,
0,1394297,3349208336267,3349208336267,0,3349209181055,3349209181555,3349209690930,3349209809472,3349258336265,3349209178388,16666666,3349209838097,3349222035888,3349222297930,3349230619430,3349253104805,12545042,81750,3349253104805,3349243570638,0,3349230619430,
0,1394305,3349225002933,3349225002933,0,3349226482388,3349226483180,3349227156097,3349227227013,3349275002931,3349226345347,16666666,3349227233013,3349243727347,3349243976847,3349252635847,3349274147597,10876667,143291,3349274147597,3349264187805,0,3349252635847,
0,1394313,3349241669599,3349241669599,0,3349244391555,3349244391722,3349245964263,3349246642263,3349291669597,3349244390347,16666666,3349246862805,3349264333972,3349264673805,3349273580597,3349307279555,21691542,153500,3349307279555,3349295891513,0,3349273580597,
0,1394321,3349258336265,3349258336265,0,3349264975430,3349264975805,3349265683222,3349265786222,3349325002929,3349264973388,16666666,3349265791013,3349296121138,3349296580597,3349306041638,3349332075097,15541750,113292,3349332075097,3349322869472,0,3349306041638,
0,1394329,3349275002931,3349291669597,0,3349296892055,3349296892263,3349297949763,3349298027638,3349358336261,3349296890638,16666666,3349298142513,3349322990305,3349323374513,3349331466930,3349353341722,12285875,184458,3349353341722,3349344415222,0,3349331466930,
0,1394338,3349308336263,3349308336263,0,3349323677055,3349323677347,3349324811347,3349324872888,3349375002927,3349323675138,16666666,3349324877513,3349344522305,3349344807638,3349352831263,3349371970722,9025625,254667,3349371970722,3349362463013,0,3349352831263,
0,1394346,3349325002929,3349341669595,0,3349346211888,3349346211972,3349346837222,3349347059513,3349391669593,3349346210472,16666666,3349347118972,3349362546347,3349363113097,3349371118347,3349389716638,8241209,503167,3349389716638,3349380813972,0,3349371118347,
0,1394355,3349358336261,3349358336261,0,3349363778097,3349363778555,3349364741013,3349364810013,3349408336259,3349363775013,16666666,3349364815597,3349381013347,3349381403847,3349389175055,3349409147430,9460334,219416,3349409147430,3349399554680,0,3349389175055,
0,1394363,3349375002927,3349375002927,0,3349383020513,3349383020888,3349383540180,3349383596763,3349441669591,3349383019097,16666666,3349383601888,3349399647847,3349400114305,3349407635847,3349425755347,7540041,585333,3349425755347,3349417116930,0,3349407635847,
0,1394371,3349391669593,3349391669593,0,3349400807430,3349400807638,3349401776180,3349401850347,3349458336257,3349400806263,16666666,3349401856138,3349417209013,3349417546597,3349426849055,3349443368680,7542,424958,3349443368680,3349436270263,0,3349426849055,
0,1394379,3349408336259,3349408336259,0,3349417743972,3349417744097,3349418465763,3349418526930,3349475002923,3349417742972,16666666,3349418531763,3349436366138,3349436745472,3349445062805,3349459973763,1263167,92125,3349459973763,3349448843180,0,3349445062805,
0,1394387,3349425002925,3349425002925,0,3349436913722,3349436914013,3349438313097,3349438382388,3349491669589,3349436912805,16666666,3349438387972,3349448918263,3349449589430,3349469927597,3349478194722,1709,107333,3349478194722,3349470412388,0,3349469927597,
0,1394395,3349441669591,3349441669591,0,3349449803138,3349449803347,3349450583722,3349450664805,3349508336255,3349449802305,16666666,3349450670263,3349470557888,3349471158222,3349479069597,3349495005930,1458,181208,3349495005930,3349487970513,0,3349479069597,
0,1394403,3349458336257,3349458336257,0,3349471412555,3349471412722,3349472293597,3349472708513,3349525002921,3349471411138,16666666,3349472715847,3349488152972,3349488462263,3349495776972,3349513463930,23917,233417,3349513463930,3349505424055,0,3349495776972,
0,1394411,3349475002923,3349475002923,0,3349488772888,3349488773013,3349489378513,3349489440263,3349541669587,3349488771597,16666666,3349489445472,3349505586347,3349506124597,3349522299555,3349530495930,2084,189625,3349530495930,3349522961555,0,3349522299555,
0,1394419,3349491669589,3349491669589,0,3349507177305,3349507177722,3349507893722,3349507987097,3349558336253,3349507175263,16666666,3349507992180,3349523040805,3349523456763,3349531532722,3349548454222,4458,525541,3349548454222,3349540838888,0,3349531532722,
0,1394427,3349508336255,3349508336255,0,3349523692222,3349523692597,3349524653513,3349524714888,3349575002919,3349523691138,16666666,3349524719888,3349541173930,3349541635888,3349549474097,3349564363638,3041,314917,3349564363638,3349558361388,0,3349549474097,
0,1394435,3349525002921,3349541669587,0,3349542148305,3349542148680,3349543367305,3349543430888,3349591669585,3349542146388,16666666,3349543436138,3349558612930,3349559461763,3349565325513,3349582214555,2334,180000,3349582214555,3349574713805,0,3349565325513,
0,1394444,3349558336253,3349558336253,0,3349559825097,3349559825555,3349560690138,3349560750638,3349608336251,3349559823222,16666666,3349560755388,3349574828597,3349575880805,3349582931222,3349599519888,2917,841125,3349599519888,3349592392722,0,3349582931222,
0,1394452,3349575002919,3349575002919,0,3349576750513,3349576750972,3349577714305,3349577782347,3349625002917,3349576748013,16666666,3349577787305,3349592534013,3349592857263,3349599011472,3349619950513,10699125,149542,3349619950513,3349610422055,0,3349599011472,
0,1394459,3349591669585,3349591669585,0,3349593373222,3349593373388,3349593897847,3349593958638,3349641669583,3349593371888,16666666,3349593963097,3349610511263,3349610773805,3349619395305,3349638535430,7792625,165958,3349638535430,3349627798472,0,3349619395305,
0,1394467,3349608336251,3349608336251,0,3349612771263,3349612771555,3349613691722,3349613937597,3349658336249,3349612770222,16666666,3349613947972,3349627896430,3349628737888,3349638123722,3349657352222,8671167,147125,3349657352222,3349647258222,0,3349638123722,
0,1394475,3349625002917,3349625002917,0,3349629014722,3349629014930,3349630382638,3349630697722,3349675002915,3349629012597,16666666,3349630732347,3349647338638,3349647577513,3349656966138,3349674509472,7655708,117583,3349674509472,3349665073180,0,3349656966138,
0,1394483,3349641669583,3349641669583,0,3349647754597,3349647754680,3349648426430,3349648504013,3349691669581,3349647753722,16666666,3349648509013,3349665217680,3349665639013,3349673510805,3349690312305,7009125,616875,3349690312305,3349681602972,0,3349673510805,
0,1394491,3349658336249,3349658336249,0,3349666751472,3349666751638,3349667375472,3349667441472,3349708336247,3349666750722,16666666,3349667446305,3349681692638,3349681958763,3349689643888,3349705840180,7338167,197541,3349705840180,3349697702722,0,3349689643888,
0,1394499,3349675002915,3349675002915,0,3349682229638,3349682229722,3349682751513,3349682806472,3349725002913,3349682228680,16666666,3349682810513,3349697891055,3349698179222,3349705400972,3349723953972,8599334,133583,3349723953972,3349714493638,0,3349705400972,
0,1394507,3349691669581,3349691669581,0,3349698484555,3349698484722,3349699402805,3349699458430,3349741669579,3349698481722,16666666,3349699462430,3349714570847,3349715171263,3349723432180,3349741184055,7639000,181000,3349741184055,3349732476055,0,3349723432180,
0,1394515,3349708336247,3349708336247,0,3349715694805,3349715695097,3349716446347,3349716508388,3349758336245,3349715693305,16666666,3349716513472,3349732631722,3349733013763,3349740680222,3349758551097,7958959,131041,3349758551097,3349749190638,0,3349740680222,
0,1394523,3349725002913,3349725002913,0,3349733325805,3349733326138,3349734055638,3349734113097,3349791669577,3349733324722,16666666,3349734117597,3349749262180,3349749804888,3349757783138,3349775442888,8054209,248750,3349775442888,3349766664388,0,3349757783138,
0,1394531,3349741669579,3349741669579,-853179846,3349751194305,3349751194597,3349751825263,3349751890555,3349808336243,3349751190638,16666666,3349751904013,3349766763722,3349767055805,3349776538097,3349792517305,1834,123333,3349792517305,3349785913638,0,3349776538097,
0,1394539,3349758336245,3349758336245,-802920396,3349767941805,3349767942180,3349770478722,3349770557763,3349825002909,3349767940638,16666666,3349770562972,3349786001930,3349786369680,3349793998722,3349809334263,1958,311083,3349809334263,3349802736805,0,3349793998722,
0,1394547,3349775002911,3349775002911,0,3349787746305,3349787746638,3349790363305,3349790815680,3349841669575,3349787743888,16666666,3349790856305,3349802860180,3349803254805,3349810509555,3349827014805,1375,116875,3349827014805,3349820285847,0,3349810509555,
0,1394620,3349941669571,3349941669571,0,3349942011639,3349942012097,3349942670389,3349942759889,3349958336237,3349942008264,16666666,3349942787222,3349942903097,3349943077389,3349943761680,3349959012347,2083,302250,3349959012347,3349944849764,0,3349943761680,
0,1395049,3350958336197,3350958336197,-49490042,3350958936764,3350958937347,3350969308597,3350969963514,3350975002863,3350958933889,16666666,3350971543097,3350971634097,3350972603431,3350973489222,3350979796472,2084,153792,3350979796472,3350974029306,0,3350973489222,
0,1395057,3350975002863,3350975002863,0,3350975816722,3350975817181,3350978026639,3350979045639,3351008336195,3350975813972,16666666,3350979111056,3350979337097,3350979739597,3350989143889,3350995550222,2042,197833,3350995550222,3350989750847,0,3350989143889,
0,1395065,3350991669529,3350991669529,0,3350992916097,3350992917056,3350994955681,3350995503472,3351025002861,3350992913431,16666666,3350995549556,3350995746764,3350996435139,3351004125597,3351009817472,1542,104500,3351009817472,3351004610222,0,3351004125597,
0,1395073,3351008336195,3351008336195,0,3351009643639,3351009644264,3351010835889,3351011550764,3351041669527,3351009640639,16666666,3351011598597,3351011811097,3351012153306,3351018636972,3351026432306,1875,217917,3351026432306,3351019803139,0,3351018636972,
0,1395081,3351025002861,3351025002861,0,3351025424681,3351025425306,3351026863222,3351027492514,3351058336193,3351025421806,16666666,3351027587681,3351028934847,3351029206514,3351035094472,3351042204722,1208,140083,3351042204722,3351035550722,0,3351035094472,
0,1395089,3351041669527,3351041669527,0,3351042338764,3351042339514,3351043865472,3351044608347,3351075002859,3351042333264,16666666,3351044647431,3351044801431,3351045066764,3351051572472,3351068093347,1750,357625,3351068093347,3351052334056,0,3351051572472,
0,1395097,3351058336193,3351058336193,0,3351059546889,3351059547514,3351060664972,3351060799056,3351091669525,3351059543722,16666666,3351060804972,3351061207847,3351061439181,3351078268514,3351101663264,1708,142666,3351101663264,3351078946056,0,3351078268514,
0,1395104,3351075002859,3351075002859,0,3351075521097,3351075521889,3351076464431,3351076547556,3351125002857,3351075517389,16666666,3351076558472,3351079008681,3351079451931,3351113411556,3351149540347,1459,166459,3351149540347,3351114030097,0,3351113411556,
0,1395112,3351091669525,3351091669525,0,3351092214139,3351092214639,3351093306889,3351093657931,3351175002855,3351092210847,16666666,3351093691097,3351114096389,3351114568347,3351152425181,3351175753472,1875,281000,3351175753472,3351159006431,0,3351152425181,
0,1395119,3351108336191,3351108336191,0,3351114744264,3351114744431,3351117268806,3351117748889,3351208336187,3351114743139,16666666,3351117788181,3351159203639,3351159483972,3351174736847,3351225614681,37632000,210208,3351225614681,3351213944306,0,3351174736847,
0,1395127,3351125002857,3351158336189,0,3351159993681,3351159994139,3351162293472,3351162741347,3351258336185,3351159991347,16666666,3351162779347,3351214065847,3351214786139,3351226114472,3351279024597,2709,404250,3351279024597,3351235472139,0,3351226114472,
0,1395135,3351175002855,3351208336187,0,3351215374431,3351215374556,3351217177514,3351217612847,3351308336183,3351215373222,16666666,3351217655014,3351235588847,3351235872264,3351290545264,3351335268973,2708,238417,3351335268973,3351291900472,0,3351290545264,
0,1395144,3351225002853,3351225002853,0,3351236440139,3351236440556,3351238782681,3351239183431,3351358336181,3351236438181,16666666,3351239218097,3351291983389,3351292466097,3351348757598,3351394722139,1958,146083,3351394722139,3351349487473,0,3351348757598,
0,1395152,3351241669519,3351291669517,0,3351292709889,3351292710306,3351294067014,3351294457681,3351425002845,3351292708097,16666666,3351294493598,3351349596223,3351349834389,3351407421848,3351456391223,2750,499292,3351456391223,3351408647764,0,3351407421848,
0,1395162,3351308336183,3351341669515,0,3351350350764,3351350350973,3351352562973,3351352838639,3351475002843,3351350349264,16666666,3351352857889,3351408724764,3351409086431,3351471592431,3351522700139,3791,168417,3351522700139,3351473014306,0,3351471592431,
0,1395170,3351358336181,3351408336179,0,3351409891389,3351409891598,3351411751181,3351411842514,3351541669507,3351409889348,16666666,3351411866848,3351473109556,3351473590514,3351535840764,3351584037014,3083,216209,3351584037014,3351537442639,0,3351535840764,
0,1395178,3351425002845,3351458336177,0,3351473858181,3351473858389,3351475016056,3351475086181,3351608336171,3351473857139,16666666,3351475099348,3351537523473,3351537753223,3351597860473,3351646422723,1917,191083,3351646422723,3351598619598,0,3351597860473,
0,1395186,3351475002843,3351525002841,-488707565,3351539406848,3351539407306,3351541275514,3351541326848,3351675002835,3351539404639,16666666,3351541337639,3351598697473,3351598916681,3351647589723,3351669723389,8000,356875,3351669723389,3351657220098,0,3351647589723,
0,1395194,3351541669507,3351591669505,-26840501,3351600396014,3351600396348,3351601728056,3351601809306,3351691669501,3351600393889,16666666,3351602152056,3351657316723,3351657662973,3351670835598,3351693229389,2792,383291,3351693229389,3351680963764,0,3351670835598,
0,1395202,3351608336171,3351641669503,0,3351657855306,3351657855431,3351659281806,3351659346264,3351725002833,3351657854098,16666666,3351659920181,3351681065681,3351681420723,3351694325264,3351716955848,2583,320334,3351716955848,3351704368598,0,3351694325264,
0,1395218,3351691669501,3351691669501,0,3351692559639,3351692560181,3351694052973,3351694123139,3351741669499,3351692556639,16666666,3351694249889,3351704498306,3351704738014,3351718177556,3351742173598,2083,269917,3351742173598,3351727922473,0,3351718177556,
0,1395226,3351708336167,3351708336167,0,3351709858931,3351709859598,3351711708681,3351712372764,3351775002831,3351709855306,16666666,3351712407014,3351728184806,3351728481681,3351742678056,3351766423306,2375,180875,3351766423306,3351752999431,0,3351742678056,
0,1395233,3351725002833,3351725002833,0,3351728901139,3351728901389,3351729508598,3351729571848,3351791669497,3351728899389,16666666,3351729576764,3351753106639,3351753386348,3351767064514,3351792188389,1708,245459,3351792188389,3351777388181,0,3351767064514,
0,1395241,3351741669499,3351741669499,0,3351753636764,3351753637098,3351754399098,3351754464181,3351825002829,3351753634723,16666666,3351754469431,3351777484639,3351777806306,3351791805848,3351833594889,1159833,145417,3351833594889,3351795407931,0,3351791805848,
0,1395249,3351758336165,3351775002831,0,3351778009139,3351778009348,3351778764806,3351778824973,3351858336161,3351778007723,16666666,3351778830014,3351795571306,3351796168264,3351832359639,3351857098139,12018667,156333,3351857098139,3351845729306,0,3351832359639,
0,1395257,3351791669497,3351791669497,0,3351796431723,3351796431931,3351797086473,3351797146598,3351875002827,3351796430639,16666666,3351797152181,3351845850514,3351846141098,3351856242264,3351876529931,9869500,148583,3351876529931,3351867029598,0,3351856242264,
0,1395265,3351808336163,3351841669495,0,3351846886014,3351846886348,3351847729848,3351847802139,3351908336159,3351846883348,16666666,3351847807598,3351867111014,3351867383514,3351877718056,3351895447139,2791,322333,3351895447139,3351887628098,0,3351877718056,
0,1395275,3351858336161,3351858336161,0,3351868504306,3351868504723,3351869065098,3351869125764,3351925002825,3351868502431,16666666,3351869131014,3351887762639,3351888263389,3351896258223,3351916689639,1959,241584,3351916689639,3351906563723,0,3351896258223,
0,1395283,3351875002827,3351875002827,0,3351888400473,3351888400681,3351889093973,3351889161056,3351941669491,3351888399514,16666666,3351889165889,3351906707889,3351907158598,3351918064598,3351938555181,2583,161750,3351938555181,3351928622723,0,3351918064598,
0,1395291,3351891669493,3351891669493,0,3351907887431,3351907887931,3351910288389,3351910359431,3351958336157,3351907885431,16666666,3351910365431,3351928723806,3351929213639,3351937857098,3351958628139,10760875,186250,3351958628139,3351949370306,0,3351937857098,
0,1395299,3351908336159,3351925002825,0,3351929445806,3351929445973,3351929975764,3351930036806,3351991669489,3351929444639,16666666,3351930041764,3351949451473,3351949734556,3351957775098,3351979680514,9291708,139709,3351979680514,3351967979181,0,3351957775098,
0,1395307,3351941669491,3351941669491,0,3351950653764,3351950654139,3351951722764,3351951797598,3352008336155,3351950652056,16666666,3351951803514,3351968327306,3351968717431,3351979029473,3352005886431,14095750,220750,3352005886431,3351993889681,0,3351979029473,
0,1395315,3351958336157,3351958336157,0,3351969447931,3351969448306,3351972437389,3351973007264,3352025002821,3351969445889,16666666,3351973014181,3351994023640,3351994346806,3352004261431,3352026017348,13035833,255125,3352026017348,3352019081806,0,3352004261431,
0,1395323,3351975002823,3351991669489,0,3351994865223,3351994865598,3351996226806,3351996311598,3352058336153,3351994863890,16666666,3351996317973,3352019235598,3352019557515,3352026819681,3352048385890,3087541,284083,3352048385890,3352031013306,0,3352026819681,
0,1395332,3352008336155,3352008336155,0,3352020579390,3352020579806,3352023321431,3352023478931,3352075002819,3352020576348,16666666,3352023485723,3352031960723,3352032425806,3352050044390,3352070673015,3667,327000,3352070673015,3352060546973,0,3352050044390,
0,1395340,3352025002821,3352025002821,0,3352035452973,3352035453431,3352037104223,3352037231598,3352091669485,3352035450931,16666666,3352037256723,3352060687806,3352061402056,3352070009181,3352091402098,8868042,200041,3352091402098,3352079595681,0,3352070009181,
0,1395348,3352041669487,3352058336153,0,3352062759473,3352062760306,3352063518015,3352063583890,3352108336151,3352062756306,16666666,3352063589265,3352079693056,3352080227723,3352090347765,3352113636431,10199125,516416,3352113636431,3352101672723,0,3352090347765,
0,1395356,3352075002819,3352075002819,0,3352080579806,3352080580056,3352081482390,3352081603306,3352141669483,3352080578598,16666666,3352081608306,3352101774931,3352102426473,3352113143223,3352138006640,13577458,96500,3352138006640,3352127269431,0,3352113143223,
0,1395364,3352091669485,3352091669485,0,3352102604223,3352102604390,3352103663223,3352103745473,3352158336149,3352102603306,16666666,3352103751598,3352127359890,3352127605265,3352137043473,3352157670806,9149416,147917,3352157670806,3352147210181,0,3352137043473,
0,1395372,3352108336151,3352125002817,0,3352130023056,3352130023223,3352130991890,3352131937431,3352175002815,3352130022056,16666666,3352131947098,3352147303723,3352147688848,3352156826265,3352176696181,9755666,271417,3352176696181,3352167498348,0,3352156826265,
0,1395381,3352141669483,3352141669483,0,3352147909473,3352147909681,3352149843098,3352149930431,3352208336147,3352147908431,16666666,3352149935973,3352167627640,3352167914056,3352177749223,3352197647640,2250,325708,3352197647640,3352189342681,0,3352177749223,
0,1395389,3352158336149,3352158336149,0,3352169360223,3352169360723,3352170262973,3352170340598,3352225002813,3352169358390,16666666,3352170345890,3352189488848,3352189949390,3352198433681,3352218341306,2917,843375,3352218341306,3352209126431,0,3352198433681,
0,1395397,3352175002815,3352175002815,0,3352190720265,3352190721098,3352191659473,3352191846140,3352241669479,3352190718140,16666666,3352191851473,3352209250598,3352209554306,3352217805556,3352238109640,9918667,128959,3352238109640,3352228322973,0,3352217805556,
0,1395405,3352191669481,3352208336147,0,3352210652598,3352210652973,3352211372098,3352211435181,3352208336147,3352210649723,16666666,3352211439515,3352228437223,3352228722473,3352237528848,3346988591804,8345292,162250,3346988591804,3352246513306,0,3352237528848,
---PROFILEDATA---


View hierarchy:

  com.carenow.demo/com.carenow.demo.MainActivity/android.view.ViewRootImpl@ff8b3d8
  366 views, 694.46 kB of render nodes


Total ViewRootImpl   : 1
Total attached Views : 366
Total RenderNode     : 694.46 kB (used) / 2314.20 kB (capacity)

