Applications Graphics Acceleration Info:
Uptime: 2038206 Realtime: 2038206

** Graphics info for pid 4548 [com.carenow.demo] **

Stats since: 2012906204126ns
Total frames rendered: 1497
Janky frames: 12 (0.80%)
Janky frames (legacy): 1464 (97.80%)
50th percentile: 24ms
90th percentile: 26ms
95th percentile: 28ms
99th percentile: 42ms
Number Missed Vsync: 5
Number High input latency: 2970
Number Slow UI thread: 7
Number Slow bitmap uploads: 3
Number Slow issue draw commands: 12
Number Frame deadline missed: 12
Number Frame deadline missed (legacy): 12
HISTOGRAM: 5ms=0 6ms=0 7ms=0 8ms=0 9ms=0 10ms=0 11ms=0 12ms=0 13ms=0 14ms=0 15ms=0 16ms=0 17ms=2 18ms=2 19ms=3 20ms=4 21ms=14 22ms=29 23ms=217 24ms=799 25ms=249 26ms=68 27ms=32 28ms=16 29ms=14 30ms=12 31ms=3 32ms=8 34ms=7 36ms=2 38ms=0 40ms=1 42ms=2 44ms=2 46ms=1 48ms=1 53ms=1 57ms=0 61ms=2 65ms=0 69ms=0 73ms=0 77ms=0 81ms=0 85ms=0 89ms=0 93ms=1 97ms=2 101ms=0 105ms=0 109ms=0 113ms=0 117ms=1 121ms=0 125ms=0 129ms=0 133ms=0 150ms=2 200ms=0 250ms=0 300ms=0 350ms=0 400ms=0 450ms=0 500ms=0 550ms=0 600ms=0 650ms=0 700ms=0 750ms=0 800ms=0 850ms=0 900ms=0 950ms=0 1000ms=0 1050ms=0 1100ms=0 1150ms=0 1200ms=0 1250ms=0 1300ms=0 1350ms=0 1400ms=0 1450ms=0 1500ms=0 1550ms=0 1600ms=0 1650ms=0 1700ms=0 1750ms=0 1800ms=0 1850ms=0 1900ms=0 1950ms=0 2000ms=0 2050ms=0 2100ms=0 2150ms=0 2200ms=0 2250ms=0 2300ms=0 2350ms=0 2400ms=0 2450ms=0 2500ms=0 2550ms=0 2600ms=0 2650ms=0 2700ms=0 2750ms=0 2800ms=0 2850ms=0 2900ms=0 2950ms=0 3000ms=0 3050ms=0 3100ms=0 3150ms=0 3200ms=0 3250ms=0 3300ms=0 3350ms=0 3400ms=0 3450ms=0 3500ms=0 3550ms=0 3600ms=0 3650ms=0 3700ms=0 3750ms=0 3800ms=0 3850ms=0 3900ms=0 3950ms=0 4000ms=0 4050ms=0 4100ms=0 4150ms=0 4200ms=0 4250ms=0 4300ms=0 4350ms=0 4400ms=0 4450ms=0 4500ms=0 4550ms=0 4600ms=0 4650ms=0 4700ms=0 4750ms=0 4800ms=0 4850ms=0 4900ms=0 4950ms=0
50th gpu percentile: 17ms
90th gpu percentile: 19ms
95th gpu percentile: 19ms
99th gpu percentile: 22ms
GPU HISTOGRAM: 1ms=0 2ms=0 3ms=0 4ms=0 5ms=0 6ms=0 7ms=0 8ms=1 9ms=1 10ms=0 11ms=1 12ms=5 13ms=12 14ms=13 15ms=19 16ms=96 17ms=617 18ms=560 19ms=105 20ms=32 21ms=20 22ms=7 23ms=0 24ms=1 25ms=1 4950ms=6

Pipeline=Skia (OpenGL)
Memory policy:
  Max surface area: 2592000
  Max resource usage: 124.42MB (x48)
  Background retention: 50% (altUiHidden = true)
  GPU Context timeout: 10
Contexts: 1 (stopped = 0)
CPU Caches:
  Glyph Cache: 1.69 MB (1 entry)
  Glyph Count: 197 
Total CPU memory usage:
  1775210 bytes, 1.69 MB (0.00 bytes is purgeable)
GPU Caches:
  Other:
    Other: 54.28 KB (1 entry)
    Buffer Object: 2.05 KB (2 entries)
  Image:
    Texture: 180.94 KB (9 entries)
  Scratch:
    Texture: 2.02 MB (3 entries)
    Buffer Object: 142.03 KB (5 entries)
    RenderTarget: 105.66 MB (1483 entries)
Total GPU memory usage:
  113302816 bytes, 108.05 MB (117.87 KB is purgeable)

GraphicBufferAllocator buffers:
        Handle |        Size |     W (Stride) x H | Layers |   Format |      Usage | Requestor
0xb40000736a1cfd30 |     unknown | 1080 (   0) x 2400 |      1 |        1 | 0x     b00 | VRI[MainActivity]#0(BLAST Consumer)0
0xb40000736a1d29a0 |     unknown | 1080 (   0) x 2400 |      1 |        1 | 0x     b00 | VRI[MainActivity]#0(BLAST Consumer)0
0xb40000736a1d2be0 |     unknown | 1080 (   0) x 2400 |      1 |        1 | 0x     b00 | VRI[MainActivity]#0(BLAST Consumer)0
0xb40000736a4aa170 |     unknown | 1080 (   0) x 1048 |      1 |        2 | 0x     b00 | SurfaceView[com.carenow.demo/com.carenow.demo.MainActivity]#1(BLAST Consumer)1
0xb40000736a4ad800 |     unknown | 1080 (   0) x 1048 |      1 |        2 | 0x     b00 | SurfaceView[com.carenow.demo/com.carenow.demo.MainActivity]#1(BLAST Consumer)1
0xb40000736a527120 |     unknown | 1080 (   0) x 1048 |      1 |        2 | 0x     b00 | SurfaceView[com.carenow.demo/com.carenow.demo.MainActivity]#1(BLAST Consumer)1
Total allocated by GraphicBufferAllocator (estimate): 0.00 KB
GoldfishAllocator::dumpDebugInfo is not implemented
Profile data in ms:

	com.carenow.demo/com.carenow.demo.MainActivity/android.view.ViewRootImpl@72f6ae (visibility=0)
Window: com.carenow.demo/com.carenow.demo.MainActivity
Stats since: 2012906203918ns
Total frames rendered: 1497
Janky frames: 12 (0.80%)
Janky frames (legacy): 1464 (97.80%)
50th percentile: 24ms
90th percentile: 26ms
95th percentile: 28ms
99th percentile: 42ms
Number Missed Vsync: 5
Number High input latency: 2970
Number Slow UI thread: 7
Number Slow bitmap uploads: 3
Number Slow issue draw commands: 12
Number Frame deadline missed: 12
Number Frame deadline missed (legacy): 12
HISTOGRAM: 5ms=0 6ms=0 7ms=0 8ms=0 9ms=0 10ms=0 11ms=0 12ms=0 13ms=0 14ms=0 15ms=0 16ms=0 17ms=2 18ms=2 19ms=3 20ms=4 21ms=14 22ms=29 23ms=217 24ms=799 25ms=249 26ms=68 27ms=32 28ms=16 29ms=14 30ms=12 31ms=3 32ms=8 34ms=7 36ms=2 38ms=0 40ms=1 42ms=2 44ms=2 46ms=1 48ms=1 53ms=1 57ms=0 61ms=2 65ms=0 69ms=0 73ms=0 77ms=0 81ms=0 85ms=0 89ms=0 93ms=1 97ms=2 101ms=0 105ms=0 109ms=0 113ms=0 117ms=1 121ms=0 125ms=0 129ms=0 133ms=0 150ms=2 200ms=0 250ms=0 300ms=0 350ms=0 400ms=0 450ms=0 500ms=0 550ms=0 600ms=0 650ms=0 700ms=0 750ms=0 800ms=0 850ms=0 900ms=0 950ms=0 1000ms=0 1050ms=0 1100ms=0 1150ms=0 1200ms=0 1250ms=0 1300ms=0 1350ms=0 1400ms=0 1450ms=0 1500ms=0 1550ms=0 1600ms=0 1650ms=0 1700ms=0 1750ms=0 1800ms=0 1850ms=0 1900ms=0 1950ms=0 2000ms=0 2050ms=0 2100ms=0 2150ms=0 2200ms=0 2250ms=0 2300ms=0 2350ms=0 2400ms=0 2450ms=0 2500ms=0 2550ms=0 2600ms=0 2650ms=0 2700ms=0 2750ms=0 2800ms=0 2850ms=0 2900ms=0 2950ms=0 3000ms=0 3050ms=0 3100ms=0 3150ms=0 3200ms=0 3250ms=0 3300ms=0 3350ms=0 3400ms=0 3450ms=0 3500ms=0 3550ms=0 3600ms=0 3650ms=0 3700ms=0 3750ms=0 3800ms=0 3850ms=0 3900ms=0 3950ms=0 4000ms=0 4050ms=0 4100ms=0 4150ms=0 4200ms=0 4250ms=0 4300ms=0 4350ms=0 4400ms=0 4450ms=0 4500ms=0 4550ms=0 4600ms=0 4650ms=0 4700ms=0 4750ms=0 4800ms=0 4850ms=0 4900ms=0 4950ms=0
50th gpu percentile: 17ms
90th gpu percentile: 19ms
95th gpu percentile: 19ms
99th gpu percentile: 22ms
GPU HISTOGRAM: 1ms=0 2ms=0 3ms=0 4ms=0 5ms=0 6ms=0 7ms=0 8ms=1 9ms=1 10ms=0 11ms=1 12ms=5 13ms=12 14ms=13 15ms=19 16ms=96 17ms=617 18ms=560 19ms=105 20ms=32 21ms=20 22ms=7 23ms=0 24ms=1 25ms=1 4950ms=6



---PROFILEDATA---
Flags,FrameTimelineVsyncId,IntendedVsync,Vsync,InputEventId,HandleInputStart,AnimationStart,PerformTraversalsStart,DrawStart,FrameDeadline,FrameInterval,FrameStartTime,SyncQueued,SyncStart,IssueDrawCommandsStart,SwapBuffers,FrameCompleted,DequeueBufferDuration,QueueBufferDuration,GpuCompleted,SwapBuffersCompleted,DisplayPresentTime,CommandSubmissionCompleted,
0,839844,2036208388787,2036208388787,0,2036209703470,2036209703762,2036210462470,2036210509762,2036258388785,2036209702220,16666666,2036210517637,2036225979929,2036226062512,2036231483387,2036249594512,11048167,79583,2036249594512,2036242889054,0,2036231483387,
0,839852,2036225055453,2036225055453,0,2036226195179,2036226195387,2036226894887,2036226935387,2036275055451,2036226193720,16666666,2036226942887,2036242940679,2036243017304,2036249249762,2036265123012,9927834,85416,2036265123012,2036259559304,0,2036249249762,
0,839860,2036241722119,2036241722119,0,2036243141012,2036243141095,2036243653970,2036243696554,2036291722117,2036243139845,16666666,2036243703637,2036259604304,2036259682762,2036264808262,2036281691429,10999625,79708,2036281691429,2036276229929,0,2036264808262,
0,839868,2036258388785,2036258388785,0,2036259803595,2036259803637,2036260853095,2036260893595,2036308388783,2036259802804,16666666,2036260900470,2036276284262,2036276367887,2036281401720,2036298849304,11114833,73417,2036298849304,2036292841637,0,2036281401720,
0,839876,2036275055451,2036275055451,0,2036276623512,2036276623595,2036277157429,2036277197470,2036325055449,2036276622720,16666666,2036277203804,2036292886887,2036292965179,2036298459054,2036314870970,10493292,87250,2036314870970,2036309381887,0,2036298459054,
0,839884,2036291722117,2036291722117,0,2036293091304,2036293091387,2036293623512,2036293662179,2036341722115,2036293090262,16666666,2036293668262,2036309435345,2036309514137,2036314539929,2036331760887,11042917,76334,2036331760887,2036325951429,0,2036314539929,
0,839892,2036308388783,2036308388783,0,2036309640179,2036309640262,2036310133845,2036310170345,2036358388781,2036309639429,16666666,2036310176220,2036325995470,2036326070595,2036331438429,2036348487429,11055500,96041,2036348487429,2036342852845,0,2036331438429,
0,839900,2036325055449,2036325055449,0,2036326200637,2036326200804,2036326965512,2036327014637,2036375055447,2036326199512,16666666,2036327022595,2036342912429,2036343004220,2036348159970,2036366385554,12152375,83208,2036366385554,2036360674179,0,2036348159970,
0,839908,2036341722115,2036341722115,0,2036343179845,2036343180012,2036343684470,2036343721262,2036391722113,2036343178679,16666666,2036343726845,2036360716470,2036360794595,2036366058637,2036382091637,9929125,89541,2036382091637,2036376347887,0,2036366058637,
0,839916,2036358388781,2036358388781,0,2036360927345,2036360927387,2036361496595,2036361538637,2036408388779,2036360926387,16666666,2036361545804,2036376391345,2036376469137,2036381716929,2036400292721,11587125,85333,2036400292721,2036393712804,0,2036381716929,
0,839924,2036375055447,2036375055447,0,2036376597345,2036376597429,2036377138012,2036377232720,2036425055445,2036376596554,16666666,2036377242095,2036393753512,2036393836846,2036399631429,2036415249929,9364459,140125,2036415249929,2036409692471,0,2036399631429,
0,839932,2036391722113,2036391722113,0,2036394061721,2036394061846,2036394582971,2036394621012,2036441722111,2036394060762,16666666,2036394626971,2036409740637,2036409819804,2036414945679,2036431712846,10674125,76583,2036431712846,2036425959762,0,2036414945679,
0,839940,2036408388779,2036408388779,0,2036409948637,2036409948721,2036410490721,2036410551721,2036458388777,2036409947846,16666666,2036410566096,2036426009929,2036426093096,2036431383304,2036448729179,11202667,73916,2036448729179,2036442953554,0,2036431383304,
0,839948,2036425055445,2036425055445,0,2036426224012,2036426224179,2036426849971,2036426892304,2036475055443,2036426222971,16666666,2036426898804,2036443011679,2036443104554,2036448382637,2036465190429,10760708,86000,2036465190429,2036459528721,0,2036448382637,
0,839956,2036441722111,2036441722111,0,2036443238346,2036443238429,2036443754887,2036443793262,2036491722109,2036443237012,16666666,2036443799721,2036459585096,2036459677179,2036464850554,2036481716137,11149958,92167,2036481716137,2036476374679,0,2036464850554,
0,839964,2036458388777,2036458388777,0,2036459855596,2036459855887,2036460752929,2036460794846,2036508388775,2036459854387,16666666,2036460801554,2036476420846,2036476498471,2036481410054,2036498550262,11186750,76750,2036498550262,2036492938221,0,2036481410054,
0,839972,2036475055443,2036475055443,0,2036476634512,2036476634596,2036477139971,2036477178846,2036525055441,2036476633554,16666666,2036477185304,2036492986429,2036493069971,2036498242971,2036515146471,10742000,73708,2036515146471,2036509334012,0,2036498242971,
0,839980,2036491722109,2036491722109,0,2036493189471,2036493189554,2036493703721,2036493742221,2036541722107,2036493188679,16666666,2036493748512,2036509377762,2036509454096,2036514832887,2036531777804,10802583,85375,2036531777804,2036525987096,0,2036514832887,
0,839988,2036508388775,2036508388775,0,2036509713846,2036509714054,2036510368137,2036510408179,2036558388773,2036509713012,16666666,2036510413971,2036526035262,2036526120054,2036531452471,2036549150304,11096541,88792,2036549150304,2036542910721,0,2036531452471,
0,839996,2036525055441,2036525055441,0,2036526274846,2036526275137,2036526983221,2036527023721,2036575055439,2036526273512,16666666,2036527029762,2036542963304,2036543056887,2036548786929,2036565164429,10220042,82459,2036565164429,2036559407971,0,2036548786929,
0,840004,2036541722107,2036541722107,0,2036543241262,2036543241471,2036543977887,2036544136971,2036591722105,2036543240471,16666666,2036544145262,2036559452137,2036559536387,2036564836804,2036582065221,11021000,81000,2036582065221,2036576220721,0,2036564836804,
0,840012,2036558388773,2036558388773,0,2036559696721,2036559696929,2036560401929,2036560441137,2036608388771,2036559695387,16666666,2036560447762,2036576268721,2036576349679,2036581754346,2036599024262,10952000,78875,2036599024262,2036593055262,0,2036581754346,
0,840020,2036575055439,2036575055439,0,2036576467721,2036576467804,2036576986262,2036577026846,2036625055437,2036576466846,16666666,2036577033262,2036593106846,2036593197512,2036598696262,2036615314637,10217042,84667,2036615314637,2036609275304,0,2036598696262,
0,840028,2036591722105,2036591722105,0,2036593328596,2036593328679,2036593854887,2036593892304,2036641722103,2036593327721,16666666,2036593898262,2036609317846,2036609393512,2036615002179,2036631756387,10630833,71250,2036631756387,2036625979387,0,2036615002179,
0,840036,2036608388771,2036608388771,0,2036609517929,2036609518012,2036610026762,2036610064637,2036658388769,2036609517096,16666666,2036610070429,2036626024429,2036626105137,2036631438429,2036648608846,11105625,78542,2036648608846,2036642896471,0,2036631438429,
0,840044,2036625055437,2036625055437,0,2036626416804,2036626417221,2036627150012,2036627206429,2036675055435,2036626414679,16666666,2036627214304,2036642943304,2036643020262,2036648242346,2036665907637,10851292,68708,2036665907637,2036659500221,0,2036648242346,
0,840052,2036641722103,2036641722103,0,2036643143179,2036643143262,2036643647596,2036643685429,2036691722101,2036643142179,16666666,2036643691637,2036659554679,2036659647679,2036665593054,2036682490512,10333875,88958,2036682490512,2036676279971,0,2036665593054,
0,840060,2036658388769,2036658388769,0,2036659953471,2036659953721,2036660804096,2036660855554,2036708388767,2036659952221,16666666,2036660864596,2036676335512,2036676466012,2036682141387,2036699240096,10326250,105833,2036699240096,2036692859846,0,2036682141387,
0,840068,2036675055435,2036675055435,0,2036676602929,2036676603012,2036677123221,2036677161512,2036725055433,2036676602012,16666666,2036677167637,2036692903012,2036692981596,2036698885012,2036715687846,10049959,113875,2036715687846,2036709324346,0,2036698885012,
0,840076,2036691722101,2036691722101,0,2036693101887,2036693101971,2036693639804,2036693680804,2036741722099,2036693101096,16666666,2036693687679,2036709363804,2036709440887,2036715358804,2036732477346,10462000,85917,2036732477346,2036726194179,0,2036715358804,
0,840084,2036708388767,2036708388767,0,2036709570137,2036709570346,2036710146221,2036710184179,2036758388765,2036709568971,16666666,2036710190096,2036726254512,2036726361096,2036732159554,2036749406387,10355708,90792,2036749406387,2036742872221,0,2036732159554,
0,840092,2036725055433,2036725055433,0,2036726491429,2036726491637,2036727198387,2036727238804,2036775055431,2036726490387,16666666,2036727245846,2036742930137,2036743021971,2036749043137,2036765900137,10013833,85292,2036765900137,2036759455887,0,2036749043137,
0,840100,2036741722099,2036741722099,0,2036743408512,2036743409012,2036744315762,2036744359346,2036791722097,2036743406554,16666666,2036744365512,2036759509346,2036759601304,2036765561596,2036782713012,10215583,85542,2036782713012,2036776153262,0,2036765561596,
0,840108,2036758388765,2036758388765,0,2036759745637,2036759745804,2036760756637,2036760795846,2036808388763,2036759744512,16666666,2036760803304,2036776209387,2036776292929,2036782354512,2036799277804,10096709,108709,2036799277804,2036792846637,0,2036782354512,
0,840116,2036775055431,2036775055431,0,2036776552179,2036776552596,2036777229262,2036777280304,2036825055429,2036776549971,16666666,2036777288471,2036792891721,2036792971471,2036798901887,2036815430679,10102916,84042,2036815430679,2036809417637,0,2036798901887,
0,840124,2036791722097,2036791722097,0,2036793095679,2036793095721,2036793632471,2036793674262,2036841722095,2036793094804,16666666,2036793680887,2036809466179,2036809547054,2036815118096,2036831891012,10504000,93208,2036831891012,2036825971471,0,2036815118096,
0,840132,2036808388763,2036808388763,0,2036809674429,2036809674512,2036810174721,2036810210804,2036858388761,2036809673762,16666666,2036810217179,2036826020512,2036826105012,2036831585262,2036847894471,10960625,75375,2036847894471,2036842887304,0,2036831585262,
0,840140,2036825055429,2036825055429,0,2036826248887,2036826249179,2036826862762,2036826904096,2036875055427,2036826247471,16666666,2036826910387,2036842940846,2036843028554,2036847592471,2036866091096,11553458,82708,2036866091096,2036859486929,0,2036847592471,
0,840148,2036841722095,2036841722095,0,2036843160762,2036843160971,2036843681221,2036843720221,2036891722093,2036843159262,16666666,2036843726179,2036859540512,2036859636679,2036865784846,2036882257304,10145042,80750,2036882257304,2036876272387,0,2036865784846,
0,840156,2036858388761,2036858388761,0,2036860190137,2036860190346,2036860888262,2036860934721,2036908388759,2036860188846,16666666,2036860942679,2036876327012,2036876419012,2036881945846,2036899517554,10677667,77084,2036899517554,2036892977762,0,2036881945846,
0,840164,2036875055427,2036875055427,0,2036876559137,2036876559346,2036877089346,2036877129846,2036925055425,2036876558012,16666666,2036877136304,2036893035429,2036893122387,2036899194096,2036915964971,9669250,86375,2036915964971,2036909220721,0,2036899194096,
0,840172,2036891722093,2036891722093,0,2036893246679,2036893246846,2036893729929,2036893764721,2036941722091,2036893246054,16666666,2036893770304,2036909263637,2036909339887,2036915624846,2036932557846,10042041,96208,2036932557846,2036926049721,0,2036915624846,
0,840180,2036908388759,2036908388759,0,2036909471929,2036909472137,2036910103012,2036910144096,2036958388757,2036909470929,16666666,2036910149929,2036926107012,2036926194179,2036932205637,2036949459262,10155709,105125,2036949459262,2036942749846,0,2036932205637,
0,840188,2036925055425,2036925055425,0,2036926322762,2036926322846,2036926831971,2036926870137,2036975055423,2036926321971,16666666,2036926876762,2036942801596,2036942887846,2036949128096,2036965750679,9976875,73583,2036965750679,2036959472971,0,2036949128096,
0,840196,2036941722091,2036941722091,0,2036943066679,2036943066929,2036943730804,2036943771387,2036991722089,2036943065387,16666666,2036943777596,2036959528554,2036959619221,2036965405387,2036982287887,10521083,91792,2036982287887,2036976310637,0,2036965405387,
0,840204,2036958388757,2036958388757,0,2036959756304,2036959756512,2036960523179,2036960561887,2037008388755,2036959755804,16666666,2036960568387,2036976360554,2036976439221,2036981945679,2036998841054,10454250,88709,2036998841054,2036992780346,0,2036981945679,
0,840212,2036975055423,2036975055423,0,2036976656012,2036976656096,2036977127929,2036977162721,2037025055421,2036976655096,16666666,2036977167637,2036992824679,2036992901179,2036998509054,2037016222637,15869875,88417,2037016222637,2037014749596,0,2036998509054,
0,840220,2036991722089,2036991722089,0,2036993026512,2036993026554,2036993523137,2036993562596,2037041722087,2036993025721,16666666,2036993569221,2037014799762,2037014878637,2037015949137,2037033378096,9799708,63333,2037033378096,2037026056596,0,2037015949137,
0,840228,2037008388755,2037008388755,0,2037015054512,2037015054596,2037015590137,2037015630387,2037058388753,2037015053804,16666666,2037015636804,2037026106221,2037026201762,2037033056221,2037049234679,9282750,88792,2037049234679,2037042695554,0,2037033056221,
0,840236,2037025055421,2037025055421,0,2037026419679,2037026420346,2037027105096,2037027147846,2037075055419,2037026416637,16666666,2037027155096,2037042743679,2037042931387,2037048879554,2037065831387,10184625,103417,2037065831387,2037059458762,0,2037048879554,
0,840244,2037041722087,2037041722087,0,2037043103679,2037043103804,2037043714846,2037043748596,2037091722085,2037043102804,16666666,2037043755804,2037059509471,2037059599471,2037065469429,2037082693388,10241375,90000,2037082693388,2037076127137,0,2037065469429,
0,840252,2037058388753,2037058388753,0,2037059770887,2037059771137,2037060564679,2037060606554,2037108388751,2037059769554,16666666,2037060613096,2037076183304,2037076273721,2037082326763,2037099199679,10173792,87917,2037099199679,2037092903013,0,2037082326763,
0,840260,2037075055419,2037075055419,0,2037076444512,2037076444637,2037076987387,2037077027846,2037125055417,2037076443471,16666666,2037077034221,2037092953263,2037093092554,2037098790179,2037116984638,16136333,105042,2037116984638,2037115374429,0,2037098790179,
0,840268,2037091722085,2037091722085,0,2037093325929,2037093326013,2037093867346,2037093906638,2037141722083,2037093324679,16666666,2037093912138,2037115423096,2037115532763,2037116717221,2037132202638,9064375,62958,2037132202638,2037126114763,0,2037116717221,
0,840276,2037108388751,2037108388751,0,2037115676679,2037115676846,2037116452721,2037116495596,2037158388749,2037115675804,16666666,2037116502429,2037126163096,2037126245221,2037131887929,2037148045721,10678541,83709,2037148045721,2037142919221,0,2037131887929,
0,840284,2037125055417,2037125055417,0,2037126372554,2037126372638,2037126869804,2037126905638,2037175055415,2037126371721,16666666,2037126911804,2037142974721,2037143064554,2037147727221,2037166078013,11997083,109917,2037166078013,2037160110554,0,2037147727221,
0,840292,2037141722083,2037141722083,0,2037143215763,2037143215929,2037143809638,2037143850388,2037191722081,2037143214721,16666666,2037143856721,2037160153471,2037160229138,2037165751763,2037182167554,11047666,87208,2037182167554,2037177164179,0,2037165751763,
0,840300,2037158388749,2037158388749,0,2037160349429,2037160349471,2037161030596,2037161088304,2037208388747,2037160348929,16666666,2037161096471,2037177214221,2037177297554,2037181845846,2037199554346,11543958,79750,2037199554346,2037193749096,0,2037181845846,
0,840308,2037175055415,2037175055415,0,2037177430804,2037177430888,2037177977346,2037178020554,2037225055413,2037177429679,16666666,2037178026763,2037193795846,2037193883888,2037199240554,2037216506971,10726916,89375,2037216506971,2037210318346,0,2037199240554,
0,840316,2037191722081,2037191722081,0,2037194018054,2037194018138,2037194552554,2037194590471,2037241722079,2037194017096,16666666,2037194597679,2037210371846,2037210459846,2037216184179,2037233031721,9450708,73583,2037233031721,2037225998096,0,2037216184179,
0,840324,2037208388747,2037208388747,0,2037211355596,2037211356096,2037212261013,2037212304304,2037258388745,2037211353596,16666666,2037212310804,2037226042679,2037226130179,2037232614263,2037249183596,9728125,109625,2037249183596,2037242802054,0,2037232614263,
0,840332,2037225055413,2037225055413,0,2037226341263,2037226341638,2037226990888,2037227029013,2037275055411,2037226338429,16666666,2037227042846,2037242856388,2037242947596,2037248752346,2037265173513,10308458,106292,2037265173513,2037259536304,0,2037248752346,
0,840340,2037241722079,2037241722079,0,2037243135388,2037243135596,2037244788304,2037244836763,2037291722077,2037243134304,16666666,2037244844138,2037259592471,2037259682138,2037264865304,2037282076596,11004416,77458,2037282076596,2037276239471,0,2037264865304,
0,840348,2037258388745,2037258388745,0,2037259824013,2037259824221,2037260769721,2037260818429,2037308388743,2037259822763,16666666,2037260825929,2037276296263,2037276386221,2037281737471,2037298706929,10702792,93417,2037298706929,2037292817054,0,2037281737471,
0,840356,2037275055411,2037275055411,0,2037276535513,2037276535721,2037277074388,2037277114263,2037325055409,2037276534513,16666666,2037277121179,2037292869471,2037292958471,2037298387304,2037315346388,10819334,87250,2037315346388,2037309561554,0,2037298387304,
0,840364,2037291722077,2037291722077,0,2037293097929,2037293098138,2037293713471,2037293754471,2037341722075,2037293096721,16666666,2037293760763,2037309612013,2037309696304,2037315076763,2037331886721,10634959,62708,2037331886721,2037326017471,0,2037315076763,
0,840372,2037308388743,2037308388743,0,2037309824179,2037309824263,2037310327554,2037310364471,2037358388741,2037309823221,16666666,2037310370263,2037326066138,2037326162138,2037331569263,2037348677263,10937500,81875,2037348677263,2037342859721,0,2037331569263,
0,840380,2037325055409,2037325055409,0,2037326456138,2037326456304,2037327030388,2037327068888,2037375055407,2037326454929,16666666,2037327075138,2037342913638,2037343008513,2037348262638,2037365199429,10777208,172750,2037365199429,2037359495846,0,2037348262638,
0,840388,2037341722075,2037341722075,0,2037343188846,2037343189096,2037343923471,2037343970346,2037391722073,2037343187763,16666666,2037343978054,2037359550513,2037359638888,2037364887346,2037381753013,11086416,80167,2037381753013,2037376319638,0,2037364887346,
0,840396,2037358388741,2037358388741,0,2037359846471,2037359846763,2037360555429,2037360593888,2037408388739,2037359845388,16666666,2037360600429,2037376365388,2037376443679,2037381447554,2037398476804,11063292,74667,2037398476804,2037392854013,0,2037381447554,
0,840404,2037375055407,2037375055407,0,2037376563513,2037376563596,2037377068804,2037377107263,2037425055405,2037376562763,16666666,2037377113554,2037392908138,2037392996138,2037398166513,2037415673929,10802875,74791,2037415673929,2037409316346,0,2037398166513,
0,840412,2037391722073,2037391722073,0,2037393121138,2037393121221,2037393631096,2037393670679,2037441722071,2037393120096,16666666,2037393676679,2037409366346,2037409452221,2037415336263,2037432150096,10296042,74250,2037432150096,2037426006471,0,2037415336263,
0,840420,2037408388739,2037408388739,0,2037409592304,2037409592513,2037410223971,2037410312721,2037458388737,2037409591471,16666666,2037410319929,2037426051971,2037426138513,2037431782054,2037448464138,10470959,82500,2037448464138,2037442655804,0,2037431782054,
0,840428,2037425055405,2037425055405,0,2037426275429,2037426275638,2037426945388,2037426985804,2037475055403,2037426274138,16666666,2037426992013,2037442710554,2037442795263,2037448150513,2037465295263,10954667,79750,2037465295263,2037459453638,0,2037448150513,
0,840436,2037441722071,2037441722071,0,2037443164429,2037443164971,2037443823429,2037443876804,2037491722069,2037443162471,16666666,2037443885846,2037459504721,2037459594846,2037464988804,2037481943429,10890958,79042,2037481943429,2037476221471,0,2037464988804,
0,840444,2037458388737,2037458388737,0,2037459771346,2037459771638,2037460648221,2037460696429,2037508388735,2037459769971,16666666,2037460705221,2037476266721,2037476344929,2037481648346,2037498938346,10811500,74500,2037498938346,2037492795054,0,2037481648346,
0,840452,2037475055403,2037475055403,0,2037476468054,2037476468138,2037476969304,2037477006388,2037525055401,2037476467221,16666666,2037477013346,2037492845346,2037492938721,2037498601554,2037515927429,10443917,89917,2037515927429,2037509418013,0,2037498601554,
0,840460,2037491722069,2037491722069,0,2037493095763,2037493096054,2037493628929,2037493667888,2037541722067,2037493094263,16666666,2037493674346,2037509465429,2037509543221,2037515634179,2037531725054,10009292,79250,2037531725054,2037525972763,0,2037515634179,
0,840468,2037508388735,2037508388735,0,2037509662721,2037509662804,2037510168263,2037510203929,2037558388733,2037509661888,16666666,2037510208846,2037526019554,2037526113263,2037531422179,2037549120513,11077666,72083,2037549120513,2037542841554,0,2037531422179,
0,840476,2037525055401,2037525055401,0,2037526254471,2037526254679,2037526927013,2037526972804,2037575055399,2037526253221,16666666,2037526980929,2037542895638,2037542981596,2037548789388,2037565738096,10359125,84042,2037565738096,2037559516513,0,2037548789388,
0,840484,2037541722067,2037541722067,0,2037543119346,2037543119596,2037543651388,2037543692096,2037591722065,2037543117888,16666666,2037543698721,2037559569179,2037559705263,2037565294888,2037582276679,10295791,89750,2037582276679,2037576079471,0,2037565294888,
0,840492,2037558388733,2037558388733,0,2037559980596,2037559981013,2037560937846,2037560977846,2037608388731,2037559978221,16666666,2037560983221,2037576128721,2037576217346,2037581891888,2037598588179,10434292,84958,2037598588179,2037592749554,0,2037581891888,
0,840500,2037575055399,2037575055399,0,2037576346346,2037576346429,2037577049554,2037577096971,2037625055397,2037576345179,16666666,2037577105221,2037592795471,2037592884888,2037598264929,2037616212513,10708416,92333,2037616212513,2037609331638,0,2037598264929,
0,840508,2037591722065,2037591722065,0,2037593041054,2037593041388,2037594253763,2037594305013,2037641722063,2037593039513,16666666,2037594312013,2037609382221,2037609462346,2037615238596,2037632115096,9949000,75000,2037632115096,2037626200513,0,2037615238596,
0,840516,2037608388731,2037608388731,0,2037609583596,2037609583804,2037610250929,2037610292721,2037658388729,2037609582596,16666666,2037610298763,2037626260346,2037626356138,2037631724888,2037648463554,10762042,130833,2037648463554,2037642914804,0,2037631724888,
0,840524,2037625055397,2037625055397,0,2037626611388,2037626611804,2037627291471,2037627337971,2037675055395,2037626608971,16666666,2037627344763,2037642970429,2037643059179,2037648138513,2037665091013,11110416,73375,2037665091013,2037659606471,0,2037648138513,
0,840532,2037641722063,2037641722063,0,2037643186054,2037643186138,2037643709179,2037643747971,2037691722061,2037643185221,16666666,2037643753804,2037659650429,2037659727804,2037664793221,2037682290888,11148542,77500,2037682290888,2037676279929,0,2037664793221,
0,840540,2037658388729,2037658388729,0,2037659844554,2037659844638,2037660660304,2037660715096,2037708388727,2037659843679,16666666,2037660723429,2037676334221,2037676418346,2037681961679,2037698575554,10526583,85750,2037698575554,2037692856763,0,2037681961679,
0,840548,2037675055395,2037675055395,0,2037676645346,2037676645429,2037677153179,2037677196096,2037725055393,2037676644429,16666666,2037677202054,2037692909888,2037693004471,2037698217804,2037716333221,10769334,143208,2037716333221,2037709383304,0,2037698217804,
0,840556,2037691722061,2037691722061,0,2037693141263,2037693141429,2037693679221,2037693718929,2037741722059,2037693140179,16666666,2037693725638,2037709432346,2037709517971,2037715276138,2037730913263,9742625,85375,2037730913263,2037726112763,0,2037715276138,
0,840564,2037708388727,2037708388727,0,2037709643429,2037709643554,2037710161679,2037710200971,2037758388725,2037709642554,16666666,2037710207471,2037726160596,2037726241096,2037730593388,2037748514804,11978375,79708,2037748514804,2037742926721,0,2037730593388,
0,840572,2037725055393,2037725055393,0,2037726364346,2037726364429,2037726861971,2037726953179,2037775055391,2037726363513,16666666,2037726962638,2037742976179,2037743055804,2037748251096,2037765910388,10971708,66250,2037765910388,2037759522513,0,2037748251096,
0,840580,2037741722059,2037741722059,0,2037743177888,2037743177971,2037743653346,2037743688179,2037791722057,2037743176929,16666666,2037743694013,2037759566179,2037759645304,2037765520429,2037781988555,10179250,118791,2037781988555,2037776145846,0,2037765520429,
0,840588,2037758388725,2037758388725,0,2037759764513,2037759764596,2037760576096,2037760615679,2037808388723,2037759763763,16666666,2037760622471,2037776192429,2037776270554,2037781683180,2037798465346,10861500,78750,2037798465346,2037792882846,0,2037781683180,
0,840596,2037775055391,2037775055391,0,2037776389388,2037776389471,2037776899721,2037776939680,2037825055389,2037776388513,16666666,2037776946263,2037792922930,2037792999471,2037798143805,2037815600430,10805292,89792,2037815600430,2037809306055,0,2037798143805,
0,840604,2037791722057,2037791722057,0,2037793229930,2037793230096,2037793734346,2037793773013,2037841722055,2037793228971,16666666,2037793778680,2037809357680,2037809467846,2037815315888,2037831790805,10379250,70792,2037831790805,2037826017221,0,2037815315888,
0,840612,2037808388723,2037808388723,0,2037809809096,2037809809388,2037810438388,2037810479430,2037858388721,2037809806680,16666666,2037810485721,2037826063971,2037826145471,2037831495596,2037848401013,11022834,70584,2037848401013,2037842845846,0,2037831495596,
0,840620,2037825055389,2037825055389,0,2037826268763,2037826268846,2037826792721,2037826830971,2037875055387,2037826267971,16666666,2037826837305,2037842897596,2037843021888,2037848079013,2037865502555,10999542,84042,2037865502555,2037859438180,0,2037848079013,
0,840628,2037841722055,2037841722055,0,2037843159638,2037843159805,2037843710471,2037843745388,2037891722053,2037843158721,16666666,2037843750096,2037859491346,2037859633596,2037865184096,2037881929180,10658875,80542,2037881929180,2037876200513,0,2037865184096,
0,840636,2037858388721,2037858388721,0,2037859802763,2037859802888,2037860579846,2037860622805,2037908388719,2037859801513,16666666,2037860629013,2037876257721,2037876347430,2037881600346,2037898399930,10868958,96250,2037898399930,2037892841305,0,2037881600346,
0,840644,2037875055387,2037875055387,0,2037876489180,2037876489263,2037877049013,2037877086721,2037925055385,2037876488221,16666666,2037877093013,2037892899013,2037892995055,2037898081805,2037914244471,10874708,70666,2037914244471,2037909309555,0,2037898081805,
0,840652,2037891722053,2037891722053,0,2037893139305,2037893139555,2037893835096,2037893877888,2037941722051,2037893138055,16666666,2037893884971,2037909358763,2037909440096,2037913902096,2037931920805,11658209,93000,2037931920805,2037925937513,0,2037913902096,
0,840660,2037908388719,2037908388719,0,2037909836763,2037909837180,2037910532930,2037910580638,2037958388717,2037909834180,16666666,2037910588013,2037925976138,2037926056263,2037931604971,2037948384346,10843750,82792,2037948384346,2037942803513,0,2037931604971,
0,840668,2037925055385,2037925055385,0,2037926187096,2037926187305,2037926879971,2037926925805,2037975055383,2037926185596,16666666,2037926933346,2037942863180,2037942956721,2037948098346,2037965370388,11122500,79833,2037965370388,2037959544346,0,2037948098346,
0,840676,2037941722051,2037941722051,0,2037943094221,2037943094388,2037943682763,2037943721721,2037991722049,2037943092888,16666666,2037943728888,2037959602888,2037959700096,2037965026555,2037982171971,10816458,86000,2037982171971,2037976225805,0,2037965026555,
0,840684,2037958388717,2037958388717,0,2037959884346,2037959884555,2037960728763,2037960776471,2038008388715,2037959883138,16666666,2037960783888,2037976275596,2037976359346,2037981836221,2037998868805,10565417,90583,2037998868805,2037992775555,0,2037981836221,
0,840692,2037975055383,2037975055383,0,2037976490513,2037976490596,2037977013305,2037977053721,2038025055381,2037976489721,16666666,2037977059846,2037992826971,2037992914346,2037998511805,2038015922805,10629250,99208,2038015922805,2038009539721,0,2037998511805,
0,840700,2037991722049,2037991722049,0,2037993089471,2037993089555,2037993631805,2037993671221,2038041722047,2037993088346,16666666,2037993678180,2038009585846,2038009661180,2038015546930,2038032237596,10494000,108500,2038032237596,2038026471805,0,2038015546930,
0,840708,2038008388715,2038008388715,0,2038009785721,2038009785763,2038010296596,2038010337930,2038058388713,2038009784721,16666666,2038010344430,2038026543721,2038026685763,2038031885888,2038049080138,10911792,73041,2038049080138,2038043199638,0,2038031885888,
0,840716,2038025055381,2038025055381,0,2038026960721,2038026960846,2038027616555,2038027669596,2038075055379,2038026959721,16666666,2038027680180,2038043361388,2038043439180,2038048741763,2038065493888,10206375,87958,2038065493888,2038059322888,0,2038048741763,
0,840724,2038041722047,2038041722047,0,2038043615846,2038043616013,2038044418305,2038044472721,2038091722045,2038043615055,16666666,2038044481555,2038059367096,2038059448555,2038065133221,2038082100471,10443000,71833,2038082100471,2038075977096,0,2038065133221,
0,840732,2038058388713,2038058388713,0,2038059582305,2038059582346,2038060299888,2038060340221,2038108388711,2038059581346,16666666,2038060346555,2038076136013,2038076256221,2038081756221,2038098740180,10873833,78709,2038098740180,2038093040096,0,2038081756221,
0,840740,2038075055379,2038075055379,0,2038076577763,2038076577971,2038077155555,2038077195763,2038125055377,2038076576930,16666666,2038077203096,2038093098680,2038093188930,2038098398471,2038115841138,10705375,92583,2038115841138,2038109484180,0,2038098398471,
0,840748,2038091722045,2038091722045,0,2038093321680,2038093321763,2038093835138,2038093875846,2038141722043,2038093320930,16666666,2038093882180,2038109564180,2038109668971,2038115475930,2038132490138,10145583,90708,2038132490138,2038126024971,0,2038115475930,
0,840756,2038108388711,2038108388711,0,2038109934388,2038109934846,2038110471430,2038110506471,2038158388709,2038109931930,16666666,2038110512513,2038126069638,2038126165263,2038131753388,2038149152971,10455959,220667,2038149152971,2038143006638,0,2038131753388,
0,840764,2038125055377,2038125055377,0,2038126290263,2038126290513,2038127038596,2038127078346,2038175055375,2038126288971,16666666,2038127084805,2038143059471,2038143251180,2038148812513,2038165860846,10302916,90167,2038165860846,2038159512596,0,2038148812513,
0,840772,2038141722043,2038141722043,0,2038143557305,2038143557805,2038144330263,2038144374305,2038191722041,2038143546555,16666666,2038144381221,2038159565513,2038159658263,2038165517263,2038182788388,10249125,94917,2038182788388,2038176228596,0,2038165517263,
0,840780,2038158388709,2038158388709,0,2038159873596,2038159873805,2038160670221,2038160709638,2038208388707,2038159872846,16666666,2038160716013,2038176280263,2038176446305,2038182410013,2038199100721,10456584,104334,2038199100721,2038193283763,0,2038182410013,
0,840788,2038175055375,2038175055375,0,2038176665721,2038176665888,2038177294180,2038177343180,2038225055373,2038176664805,16666666,2038177350680,2038193329013,2038193416888,2038198613971,2038215302180,10132750,95834,2038215302180,2038209269471,0,2038198613971,
0,840796,2038191722041,2038191722041,0,2038193543388,2038193543596,2038194045513,2038194081930,2038208388707,2038193542388,16666666,2038194087721,2038209306346,2038209384263,2038214963596,2036231805137,10856833,128542,2036231805137,2038226226680,0,2038214963596,
---PROFILEDATA---


View hierarchy:

  com.carenow.demo/com.carenow.demo.MainActivity/android.view.ViewRootImpl@72f6ae
  124 views, 238.34 kB of render nodes


Total ViewRootImpl   : 1
Total attached Views : 124
Total RenderNode     : 238.34 kB (used) / 801.67 kB (capacity)

